# Counting axions with IAXO (arXiv:2606.XXXXX) by B. Grinstein, C. Miro and P. Quilez
# g_disc for 2 axions in the hierarchical scenario from solar axions: experiment IAXO, energy resolution 100 eV, mixing angle pi/4
# sqrt(Delta_m21^2) [eV]    g_IAXO [GeV^-1]    (varphi = pi/4, w_res = 100 eV)
1.000000e-03 3.170207e-08
1.005318e-03 3.290942e-08
1.010664e-03 3.220295e-08
1.016038e-03 2.932421e-08
1.021441e-03 3.058310e-08
1.026873e-03 2.930005e-08
1.032333e-03 2.941059e-08
1.037823e-03 2.897760e-08
1.043342e-03 2.663089e-08
1.048890e-03 2.755315e-08
1.054468e-03 2.711753e-08
1.060075e-03 2.644208e-08
1.065712e-03 2.589394e-08
1.071380e-03 2.514132e-08
1.077077e-03 2.485251e-08
1.082804e-03 2.438676e-08
1.088562e-03 2.395282e-08
1.094351e-03 2.332861e-08
1.100171e-03 2.281888e-08
1.106021e-03 2.241480e-08
1.111902e-03 2.200018e-08
1.117815e-03 2.153247e-08
1.123759e-03 2.109623e-08
1.129735e-03 2.052314e-08
1.135743e-03 1.996668e-08
1.141782e-03 1.979027e-08
1.147854e-03 1.937570e-08
1.153958e-03 1.895364e-08
1.160094e-03 1.851435e-08
1.166263e-03 1.818908e-08
1.172465e-03 1.778680e-08
1.178700e-03 1.743452e-08
1.184968e-03 1.706466e-08
1.191269e-03 1.666256e-08
1.197604e-03 1.621401e-08
1.203973e-03 1.599462e-08
1.210375e-03 1.567572e-08
1.216812e-03 1.533568e-08
1.223282e-03 1.503811e-08
1.229787e-03 1.471799e-08
1.236327e-03 1.441513e-08
1.242901e-03 1.410035e-08
1.249511e-03 1.381811e-08
1.256155e-03 1.348317e-08
1.262835e-03 1.323468e-08
1.269551e-03 1.296369e-08
1.276302e-03 1.269757e-08
1.283089e-03 1.242586e-08
1.289912e-03 1.217231e-08
1.296771e-03 1.189610e-08
1.303667e-03 1.166220e-08
1.310600e-03 1.141570e-08
1.317569e-03 1.117895e-08
1.324575e-03 1.094520e-08
1.331619e-03 1.072306e-08
1.338700e-03 1.049880e-08
1.345819e-03 1.027963e-08
1.352976e-03 1.006085e-08
1.360170e-03 9.851792e-09
1.367403e-03 9.646415e-09
1.374675e-03 9.446579e-09
1.381985e-03 9.248137e-09
1.389334e-03 9.054059e-09
1.396722e-03 8.868112e-09
1.404149e-03 8.682292e-09
1.411616e-03 8.501065e-09
1.419123e-03 8.322146e-09
1.426669e-03 8.150512e-09
1.434256e-03 7.980022e-09
1.441883e-03 7.813600e-09
1.449550e-03 7.650891e-09
1.457259e-03 7.490982e-09
1.465008e-03 7.334790e-09
1.472798e-03 7.181862e-09
1.480630e-03 7.032293e-09
1.488504e-03 6.885447e-09
1.496419e-03 6.741974e-09
1.504377e-03 6.601508e-09
1.512377e-03 6.464097e-09
1.520419e-03 6.328775e-09
1.528504e-03 6.197335e-09
1.536632e-03 6.068469e-09
1.544804e-03 5.941971e-09
1.553019e-03 5.818189e-09
1.561277e-03 5.697147e-09
1.569580e-03 5.578565e-09
1.577926e-03 5.462479e-09
1.586317e-03 5.348768e-09
1.594753e-03 5.237633e-09
1.603233e-03 5.128697e-09
1.611759e-03 5.022045e-09
1.620329e-03 4.917520e-09
1.628946e-03 4.815359e-09
1.637608e-03 4.715116e-09
1.646317e-03 4.617331e-09
1.655071e-03 4.521401e-09
1.663872e-03 4.427546e-09
1.672720e-03 4.335535e-09
1.681615e-03 4.245546e-09
1.690558e-03 4.157457e-09
1.699548e-03 4.071196e-09
1.708585e-03 3.986742e-09
1.717671e-03 3.904059e-09
1.726805e-03 3.823121e-09
1.735988e-03 3.743912e-09
1.745219e-03 3.666305e-09
1.754500e-03 3.590380e-09
1.763830e-03 3.516008e-09
1.773209e-03 3.443201e-09
1.782639e-03 3.371963e-09
1.792118e-03 3.302183e-09
1.801648e-03 3.233865e-09
1.811229e-03 3.167004e-09
1.820860e-03 3.101538e-09
1.830543e-03 3.037442e-09
1.840278e-03 2.974680e-09
1.850064e-03 2.913249e-09
1.859902e-03 2.853116e-09
1.869792e-03 2.794236e-09
1.879735e-03 2.736592e-09
1.889731e-03 2.680158e-09
1.899780e-03 2.624908e-09
1.909883e-03 2.570818e-09
1.920039e-03 2.517864e-09
1.930249e-03 2.466021e-09
1.940513e-03 2.415267e-09
1.950833e-03 2.365578e-09
1.961207e-03 2.316935e-09
1.971636e-03 2.269312e-09
1.982120e-03 2.222688e-09
1.992661e-03 2.177043e-09
2.003257e-03 2.132354e-09
2.013910e-03 2.088608e-09
2.024619e-03 2.045777e-09
2.035385e-03 2.003847e-09
2.046209e-03 1.962796e-09
2.057090e-03 1.922607e-09
2.068029e-03 1.883262e-09
2.079026e-03 1.844743e-09
2.090082e-03 1.807033e-09
2.101196e-03 1.770115e-09
2.112370e-03 1.733972e-09
2.123603e-03 1.698587e-09
2.134896e-03 1.663946e-09
2.146248e-03 1.630032e-09
2.157662e-03 1.596830e-09
2.169135e-03 1.564325e-09
2.180670e-03 1.532502e-09
2.192266e-03 1.501348e-09
2.203924e-03 1.470848e-09
2.215644e-03 1.440988e-09
2.227426e-03 1.411756e-09
2.239271e-03 1.383137e-09
2.251179e-03 1.355119e-09
2.263150e-03 1.327689e-09
2.275185e-03 1.300835e-09
2.287284e-03 1.274545e-09
2.299447e-03 1.248807e-09
2.311674e-03 1.223610e-09
2.323967e-03 1.198941e-09
2.336325e-03 1.174791e-09
2.348749e-03 1.151148e-09
2.361239e-03 1.128001e-09
2.373796e-03 1.105340e-09
2.386419e-03 1.083155e-09
2.399109e-03 1.061436e-09
2.411867e-03 1.040173e-09
2.424692e-03 1.019356e-09
2.437586e-03 9.989767e-10
2.450549e-03 9.790250e-10
2.463580e-03 9.594923e-10
2.476681e-03 9.403697e-10
2.489851e-03 9.216485e-10
2.503091e-03 9.033205e-10
2.516402e-03 8.853772e-10
2.529783e-03 8.678107e-10
2.543236e-03 8.506128e-10
2.556760e-03 8.337762e-10
2.570356e-03 8.172929e-10
2.584025e-03 8.011556e-10
2.597766e-03 7.853571e-10
2.611580e-03 7.698902e-10
2.625468e-03 7.547479e-10
2.639429e-03 7.399235e-10
2.653465e-03 7.254101e-10
2.667575e-03 7.112013e-10
2.681761e-03 6.972907e-10
2.696021e-03 6.836719e-10
2.710358e-03 6.703388e-10
2.724771e-03 6.572856e-10
2.739260e-03 6.445060e-10
2.753827e-03 6.319945e-10
2.768471e-03 6.197454e-10
2.783193e-03 6.077531e-10
2.797993e-03 5.960122e-10
2.812872e-03 5.845174e-10
2.827830e-03 5.732636e-10
2.842868e-03 5.622455e-10
2.857985e-03 5.514583e-10
2.873183e-03 5.408970e-10
2.888462e-03 5.305568e-10
2.903822e-03 5.204331e-10
2.919264e-03 5.105213e-10
2.934788e-03 5.008169e-10
2.950394e-03 4.913155e-10
2.966083e-03 4.820127e-10
2.981856e-03 4.729044e-10
2.997713e-03 4.639863e-10
3.013654e-03 4.552545e-10
3.029679e-03 4.467050e-10
3.045790e-03 4.383338e-10
3.061987e-03 4.301373e-10
3.078270e-03 4.221115e-10
3.094639e-03 4.142529e-10
3.111095e-03 4.065579e-10
3.127639e-03 3.990230e-10
3.144271e-03 3.916447e-10
3.160992e-03 3.844196e-10
3.177801e-03 3.773445e-10
3.194699e-03 3.704161e-10
3.211688e-03 3.636312e-10
3.228767e-03 3.569867e-10
3.245936e-03 3.504795e-10
3.263197e-03 3.441068e-10
3.280550e-03 3.378654e-10
3.297995e-03 3.317526e-10
3.315533e-03 3.257655e-10
3.333164e-03 3.199014e-10
3.350889e-03 3.141576e-10
3.368708e-03 3.085313e-10
3.386622e-03 3.030201e-10
3.404631e-03 2.976213e-10
3.422735e-03 2.923324e-10
3.440937e-03 2.871510e-10
3.459234e-03 2.820746e-10
3.477630e-03 2.771010e-10
3.496123e-03 2.722278e-10
3.514714e-03 2.674526e-10
3.533404e-03 2.627734e-10
3.552194e-03 2.581879e-10
3.571083e-03 2.536939e-10
3.590073e-03 2.492894e-10
3.609164e-03 2.449722e-10
3.628357e-03 2.407405e-10
3.647651e-03 2.365922e-10
3.667049e-03 2.325253e-10
3.686549e-03 2.285380e-10
3.706153e-03 2.246284e-10
3.725861e-03 2.207947e-10
3.745674e-03 2.170351e-10
3.765593e-03 2.133478e-10
3.785617e-03 2.097312e-10
3.805748e-03 2.061835e-10
3.825986e-03 2.027031e-10
3.846331e-03 1.992884e-10
3.866785e-03 1.959379e-10
3.887347e-03 1.926500e-10
3.908019e-03 1.894232e-10
3.928801e-03 1.862561e-10
3.949693e-03 1.831473e-10
3.970696e-03 1.800953e-10
3.991811e-03 1.770987e-10
4.013039e-03 1.741564e-10
4.034379e-03 1.712670e-10
4.055832e-03 1.684293e-10
4.077400e-03 1.656421e-10
4.099083e-03 1.629041e-10
4.120880e-03 1.602143e-10
4.142794e-03 1.575716e-10
4.164824e-03 1.549748e-10
4.186971e-03 1.524231e-10
4.209237e-03 1.499154e-10
4.231620e-03 1.474507e-10
4.254123e-03 1.450282e-10
4.276745e-03 1.426469e-10
4.299487e-03 1.403060e-10
4.322351e-03 1.380047e-10
4.345336e-03 1.357423e-10
4.368443e-03 1.335179e-10
4.391673e-03 1.313310e-10
4.415027e-03 1.291807e-10
4.438505e-03 1.270666e-10
4.462107e-03 1.249879e-10
4.485835e-03 1.229441e-10
4.509690e-03 1.209347e-10
4.533671e-03 1.189592e-10
4.557780e-03 1.170170e-10
4.582017e-03 1.151076e-10
4.606383e-03 1.132308e-10
4.630878e-03 1.113859e-10
4.655504e-03 1.095727e-10
4.680260e-03 1.077908e-10
4.705148e-03 1.060398e-10
4.730169e-03 1.043193e-10
4.755323e-03 1.026291e-10
4.780610e-03 1.009688e-10
4.806032e-03 9.933822e-11
4.831589e-03 9.773693e-11
4.857282e-03 9.616470e-11
4.883112e-03 9.462125e-11
4.909079e-03 9.310631e-11
4.935184e-03 9.161960e-11
4.961428e-03 9.016085e-11
4.987811e-03 8.872979e-11
5.014335e-03 8.732614e-11
5.041000e-03 8.594961e-11
5.067806e-03 8.459992e-11
5.094755e-03 8.327678e-11
5.121848e-03 8.197989e-11
5.149084e-03 8.070892e-11
5.176466e-03 7.946357e-11
5.203993e-03 7.824350e-11
5.231666e-03 7.704837e-11
5.259486e-03 7.587782e-11
5.287455e-03 7.473149e-11
5.315572e-03 7.360901e-11
5.343839e-03 7.250999e-11
5.372256e-03 7.143403e-11
5.400824e-03 7.038071e-11
5.429544e-03 6.934963e-11
5.458416e-03 6.834036e-11
5.487443e-03 6.735245e-11
5.516623e-03 6.638546e-11
5.545959e-03 6.543896e-11
5.575451e-03 6.451247e-11
5.605100e-03 6.360555e-11
5.634906e-03 6.271772e-11
5.664871e-03 6.184854e-11
5.694995e-03 6.099754e-11
5.725279e-03 6.016426e-11
5.755725e-03 5.934824e-11
5.786332e-03 5.854903e-11
5.817102e-03 5.776619e-11
5.848035e-03 5.699927e-11
5.879134e-03 5.624784e-11
5.910397e-03 5.551148e-11
5.941827e-03 5.478978e-11
5.973424e-03 5.408233e-11
6.005189e-03 5.338873e-11
6.037123e-03 5.270862e-11
6.069226e-03 5.204161e-11
6.101501e-03 5.138736e-11
6.133947e-03 5.074550e-11
6.166565e-03 5.011570e-11
6.199357e-03 4.949765e-11
6.232324e-03 4.889102e-11
6.265465e-03 4.829551e-11
6.298783e-03 4.771082e-11
6.332278e-03 4.713667e-11
6.365952e-03 4.657278e-11
6.399804e-03 4.601889e-11
6.433836e-03 4.547472e-11
6.468049e-03 4.494004e-11
6.502445e-03 4.441459e-11
6.537023e-03 4.389814e-11
6.571785e-03 4.339046e-11
6.606732e-03 4.289134e-11
6.641864e-03 4.240056e-11
6.677184e-03 4.191793e-11
6.712691e-03 4.144326e-11
6.748387e-03 4.097637e-11
6.784273e-03 4.051709e-11
6.820350e-03 4.006527e-11
6.856619e-03 3.962077e-11
6.893080e-03 3.918345e-11
6.929736e-03 3.875320e-11
6.966586e-03 3.832992e-11
7.003632e-03 3.791349e-11
7.040876e-03 3.750385e-11
7.078317e-03 3.710090e-11
7.115957e-03 3.670458e-11
7.153798e-03 3.631481e-11
7.191840e-03 3.593153e-11
7.230084e-03 3.555468e-11
7.268531e-03 3.518419e-11
7.307183e-03 3.482000e-11
7.346041e-03 3.446202e-11
7.385105e-03 3.411018e-11
7.424377e-03 3.376438e-11
7.463857e-03 3.342455e-11
7.503548e-03 3.309057e-11
7.543450e-03 3.276232e-11
7.583564e-03 3.243970e-11
7.623891e-03 3.212256e-11
7.664432e-03 3.181079e-11
7.705190e-03 3.150423e-11
7.746164e-03 3.120274e-11
7.787355e-03 3.090618e-11
7.828766e-03 3.061441e-11
7.870397e-03 3.032727e-11
7.912250e-03 3.004462e-11
7.954325e-03 2.976632e-11
7.996624e-03 2.949223e-11
8.039148e-03 2.922222e-11
8.081897e-03 2.895616e-11
8.124875e-03 2.869392e-11
8.168080e-03 2.843539e-11
8.211516e-03 2.818046e-11
8.255182e-03 2.792902e-11
8.299081e-03 2.768098e-11
8.343213e-03 2.743627e-11
8.387580e-03 2.719479e-11
8.432183e-03 2.695650e-11
8.477022e-03 2.672135e-11
8.522101e-03 2.648929e-11
8.567419e-03 2.626031e-11
8.612978e-03 2.603440e-11
8.658779e-03 2.581155e-11
8.704824e-03 2.559179e-11
8.751114e-03 2.537512e-11
8.797650e-03 2.516158e-11
8.844433e-03 2.495119e-11
8.891465e-03 2.474398e-11
8.938747e-03 2.453997e-11
8.986281e-03 2.433918e-11
9.034068e-03 2.414164e-11
9.082108e-03 2.394733e-11
9.130404e-03 2.375625e-11
9.178957e-03 2.356840e-11
9.227768e-03 2.338373e-11
9.276839e-03 2.320222e-11
9.326170e-03 2.302383e-11
9.375764e-03 2.284849e-11
9.425622e-03 2.267615e-11
9.475744e-03 2.250674e-11
9.526134e-03 2.234019e-11
9.576791e-03 2.217642e-11
9.627717e-03 2.201535e-11
9.678915e-03 2.185689e-11
9.730384e-03 2.170095e-11
9.782128e-03 2.154746e-11
9.834146e-03 2.139633e-11
9.886441e-03 2.124749e-11
9.939015e-03 2.110087e-11
9.991867e-03 2.095643e-11
1.004500e-02 2.081411e-11
1.009842e-02 2.067388e-11
1.015212e-02 2.053571e-11
1.020610e-02 2.039960e-11
1.026038e-02 2.026553e-11
1.031494e-02 2.013348e-11
1.036979e-02 2.000346e-11
1.042493e-02 1.987545e-11
1.048037e-02 1.974946e-11
1.053610e-02 1.962549e-11
1.059213e-02 1.950352e-11
1.064846e-02 1.938356e-11
1.070508e-02 1.926560e-11
1.076201e-02 1.914965e-11
1.081924e-02 1.903568e-11
1.087677e-02 1.892370e-11
1.093461e-02 1.881370e-11
1.099276e-02 1.870566e-11
1.105121e-02 1.859957e-11
1.110998e-02 1.849542e-11
1.116906e-02 1.839321e-11
1.122845e-02 1.829291e-11
1.128816e-02 1.819453e-11
1.134819e-02 1.809804e-11
1.140854e-02 1.800344e-11
1.146921e-02 1.791068e-11
1.153020e-02 1.781975e-11
1.159151e-02 1.773060e-11
1.165315e-02 1.764318e-11
1.171512e-02 1.755745e-11
1.177742e-02 1.747335e-11
1.184004e-02 1.739083e-11
1.190301e-02 1.730983e-11
1.196630e-02 1.723032e-11
1.202994e-02 1.715224e-11
1.209391e-02 1.707557e-11
1.215822e-02 1.700029e-11
1.222287e-02 1.692641e-11
1.228787e-02 1.685393e-11
1.235321e-02 1.678288e-11
1.241891e-02 1.671330e-11
1.248495e-02 1.664524e-11
1.255134e-02 1.657875e-11
1.261808e-02 1.651385e-11
1.268518e-02 1.645059e-11
1.275264e-02 1.638900e-11
1.282045e-02 1.632908e-11
1.288863e-02 1.627084e-11
1.295717e-02 1.621427e-11
1.302607e-02 1.615935e-11
1.309534e-02 1.610604e-11
1.316497e-02 1.605431e-11
1.323498e-02 1.600413e-11
1.330536e-02 1.595546e-11
1.337612e-02 1.590828e-11
1.344725e-02 1.586255e-11
1.351875e-02 1.581825e-11
1.359064e-02 1.577537e-11
1.366291e-02 1.573389e-11
1.373557e-02 1.569379e-11
1.380861e-02 1.565506e-11
1.388204e-02 1.561772e-11
1.395586e-02 1.558176e-11
1.403008e-02 1.554720e-11
1.410468e-02 1.551406e-11
1.417969e-02 1.548237e-11
1.425509e-02 1.545216e-11
1.433090e-02 1.542347e-11
1.440710e-02 1.539634e-11
1.448372e-02 1.537078e-11
1.456074e-02 1.534681e-11
1.463817e-02 1.532443e-11
1.471601e-02 1.530363e-11
1.479426e-02 1.528440e-11
1.487293e-02 1.526671e-11
1.495202e-02 1.525055e-11
1.503153e-02 1.523591e-11
1.511147e-02 1.522279e-11
1.519183e-02 1.521120e-11
1.527261e-02 1.520115e-11
1.535383e-02 1.519263e-11
1.543547e-02 1.518565e-11
1.551756e-02 1.518019e-11
1.560007e-02 1.517625e-11
1.568303e-02 1.517382e-11
1.576643e-02 1.517288e-11
1.585027e-02 1.517344e-11
1.593456e-02 1.517551e-11
1.601929e-02 1.517913e-11
1.610448e-02 1.518432e-11
1.619012e-02 1.519114e-11
1.627621e-02 1.519962e-11
1.636276e-02 1.520980e-11
1.644978e-02 1.522171e-11
1.653725e-02 1.523540e-11
1.662519e-02 1.525088e-11
1.671360e-02 1.526818e-11
1.680248e-02 1.528730e-11
1.689183e-02 1.530824e-11
1.698165e-02 1.533097e-11
1.707196e-02 1.535546e-11
1.716274e-02 1.538169e-11
1.725401e-02 1.540962e-11
1.734576e-02 1.543927e-11
1.743800e-02 1.547066e-11
1.753073e-02 1.550387e-11
1.762395e-02 1.553895e-11
1.771767e-02 1.557598e-11
1.781189e-02 1.561502e-11
1.790661e-02 1.565610e-11
1.800183e-02 1.569926e-11
1.809756e-02 1.574454e-11
1.819380e-02 1.579195e-11
1.829055e-02 1.584153e-11
1.838781e-02 1.589329e-11
1.848559e-02 1.594726e-11
1.858389e-02 1.600344e-11
1.868272e-02 1.606187e-11
1.878206e-02 1.612258e-11
1.888194e-02 1.618561e-11
1.898235e-02 1.625101e-11
1.908329e-02 1.631880e-11
1.918477e-02 1.638900e-11
1.928679e-02 1.646162e-11
1.938935e-02 1.653672e-11
1.949246e-02 1.661434e-11
1.959612e-02 1.669456e-11
1.970032e-02 1.677746e-11
1.980508e-02 1.686310e-11
1.991040e-02 1.695152e-11
2.001628e-02 1.704276e-11
2.012272e-02 1.713686e-11
2.022973e-02 1.723391e-11
2.033730e-02 1.733394e-11
2.044545e-02 1.743702e-11
2.055417e-02 1.754321e-11
2.066347e-02 1.765254e-11
2.077336e-02 1.776508e-11
2.088382e-02 1.788087e-11
2.099488e-02 1.799991e-11
2.110652e-02 1.812224e-11
2.121876e-02 1.824792e-11
2.133160e-02 1.837704e-11
2.144503e-02 1.850976e-11
2.155907e-02 1.864622e-11
2.167371e-02 1.878653e-11
2.178897e-02 1.893077e-11
2.190484e-02 1.907898e-11
2.202132e-02 1.923123e-11
2.213842e-02 1.938756e-11
2.225615e-02 1.954801e-11
2.237450e-02 1.971268e-11
2.249348e-02 1.988167e-11
2.261309e-02 2.005511e-11
2.273334e-02 2.023310e-11
2.285423e-02 2.041575e-11
2.297577e-02 2.060315e-11
2.309794e-02 2.079545e-11
2.322077e-02 2.099278e-11
2.334425e-02 2.119523e-11
2.346839e-02 2.140287e-11
2.359319e-02 2.161580e-11
2.371865e-02 2.183417e-11
2.384478e-02 2.205813e-11
2.397158e-02 2.228786e-11
2.409905e-02 2.252351e-11
2.422721e-02 2.276521e-11
2.435604e-02 2.301303e-11
2.448556e-02 2.326701e-11
2.461576e-02 2.352731e-11
2.474666e-02 2.379414e-11
2.487826e-02 2.406768e-11
2.501056e-02 2.434808e-11
2.514355e-02 2.463546e-11
2.527726e-02 2.492997e-11
2.541168e-02 2.523176e-11
2.554681e-02 2.554103e-11
2.568266e-02 2.585798e-11
2.581923e-02 2.618276e-11
2.595653e-02 2.651547e-11
2.609456e-02 2.685624e-11
2.623332e-02 2.720526e-11
2.637283e-02 2.756267e-11
2.651307e-02 2.792861e-11
2.665406e-02 2.830327e-11
2.679580e-02 2.868689e-11
2.693829e-02 2.907964e-11
2.708154e-02 2.948167e-11
2.722555e-02 2.989296e-11
2.737033e-02 3.031343e-11
2.751588e-02 3.074327e-11
2.766220e-02 3.118284e-11
2.780930e-02 3.163243e-11
2.795718e-02 3.209214e-11
2.810585e-02 3.256196e-11
2.825530e-02 3.304185e-11
2.840556e-02 3.353182e-11
2.855661e-02 3.403187e-11
2.870847e-02 3.454189e-11
2.886113e-02 3.506194e-11
2.901461e-02 3.559207e-11
2.916890e-02 3.613213e-11
2.932401e-02 3.668199e-11
2.947994e-02 3.724166e-11
2.963671e-02 3.781120e-11
2.979431e-02 3.839052e-11
2.995275e-02 3.897911e-11
3.011203e-02 3.957664e-11
3.027215e-02 4.018309e-11
3.043313e-02 4.079787e-11
3.059497e-02 4.142013e-11
3.075766e-02 4.204909e-11
3.092122e-02 4.268450e-11
3.108565e-02 4.332625e-11
3.125096e-02 4.397385e-11
3.141714e-02 4.462703e-11
3.158421e-02 4.528512e-11
3.175216e-02 4.594726e-11
3.192101e-02 4.661297e-11
3.209076e-02 4.728159e-11
3.226141e-02 4.795143e-11
3.243297e-02 4.862022e-11
3.260543e-02 4.928754e-11
3.277882e-02 4.995349e-11
3.295313e-02 5.061785e-11
3.312836e-02 5.128040e-11
3.330453e-02 5.194120e-11
3.348164e-02 5.259937e-11
3.365968e-02 5.325367e-11
3.383867e-02 5.390298e-11
3.401862e-02 5.454552e-11
3.419952e-02 5.518050e-11
3.438138e-02 5.580759e-11
3.456421e-02 5.642587e-11
3.474801e-02 5.703631e-11
3.493279e-02 5.764244e-11
3.511856e-02 5.824465e-11
3.530531e-02 5.884139e-11
3.549305e-02 5.943193e-11
3.568179e-02 6.001514e-11
3.587154e-02 6.059030e-11
3.606229e-02 6.115631e-11
3.625406e-02 6.171365e-11
3.644685e-02 6.226594e-11
3.664066e-02 6.281566e-11
3.683551e-02 6.336400e-11
3.703139e-02 6.391383e-11
3.722831e-02 6.446381e-11
3.742628e-02 6.501156e-11
3.762530e-02 6.555571e-11
3.782538e-02 6.609417e-11
3.802653e-02 6.662853e-11
3.822874e-02 6.716307e-11
3.843203e-02 6.770472e-11
3.863640e-02 6.825510e-11
3.884186e-02 6.881283e-11
3.904841e-02 6.937844e-11
3.925606e-02 6.994665e-11
3.946481e-02 7.051395e-11
3.967467e-02 7.108148e-11
3.988565e-02 7.165439e-11
4.009775e-02 7.223680e-11
4.031098e-02 7.283375e-11
4.052534e-02 7.344674e-11
4.074084e-02 7.407354e-11
4.095749e-02 7.471157e-11
4.117529e-02 7.535386e-11
4.139425e-02 7.599999e-11
4.161437e-02 7.665158e-11
4.183566e-02 7.731362e-11
4.205813e-02 7.799625e-11
4.228179e-02 7.870660e-11
4.250663e-02 7.943685e-11
4.273267e-02 8.018035e-11
4.295991e-02 8.092748e-11
4.318836e-02 8.167616e-11
4.341802e-02 8.243302e-11
4.364890e-02 8.321110e-11
4.388101e-02 8.401974e-11
4.411436e-02 8.485459e-11
4.434895e-02 8.570964e-11
4.458478e-02 8.657550e-11
4.482187e-02 8.744542e-11
4.506022e-02 8.832131e-11
4.529984e-02 8.920736e-11
4.554073e-02 9.011771e-11
4.578290e-02 9.106513e-11
4.602636e-02 9.204770e-11
4.627112e-02 9.304731e-11
4.651717e-02 9.404541e-11
4.676454e-02 9.503481e-11
4.701322e-02 9.602981e-11
4.726322e-02 9.705877e-11
4.751455e-02 9.813164e-11
4.776722e-02 9.924578e-11
4.802124e-02 1.003683e-10
4.827660e-02 1.014797e-10
4.853332e-02 1.025844e-10
4.879141e-02 1.037006e-10
4.905086e-02 1.048453e-10
4.931170e-02 1.060351e-10
4.957393e-02 1.072633e-10
4.983755e-02 1.085098e-10
5.010257e-02 1.097401e-10
5.036900e-02 1.109431e-10
5.063685e-02 1.121390e-10
5.090612e-02 1.133928e-10
5.117682e-02 1.147249e-10
5.144897e-02 1.160854e-10
5.172256e-02 1.174162e-10
5.199760e-02 1.187017e-10
5.227411e-02 1.199829e-10
5.255209e-02 1.213021e-10
5.283155e-02 1.226971e-10
5.311249e-02 1.241417e-10
5.339493e-02 1.255763e-10
5.367887e-02 1.269737e-10
5.396431e-02 1.283374e-10
5.425128e-02 1.296978e-10
5.453977e-02 1.311426e-10
5.482980e-02 1.326959e-10
5.512137e-02 1.342729e-10
5.541449e-02 1.357496e-10
5.570917e-02 1.371421e-10
5.600541e-02 1.385816e-10
5.630323e-02 1.401646e-10
5.660264e-02 1.418306e-10
5.690363e-02 1.434640e-10
5.720623e-02 1.450302e-10
5.751044e-02 1.465423e-10
5.781626e-02 1.480735e-10
5.812371e-02 1.497415e-10
5.843280e-02 1.515447e-10
5.874352e-02 1.533171e-10
5.905591e-02 1.549613e-10
5.936995e-02 1.564976e-10
5.968566e-02 1.581331e-10
6.000305e-02 1.600483e-10
6.032213e-02 1.620117e-10
6.064290e-02 1.637627e-10
6.096539e-02 1.654069e-10
6.128958e-02 1.671133e-10
6.161550e-02 1.689880e-10
6.194316e-02 1.710079e-10
6.227255e-02 1.730167e-10
6.260370e-02 1.748393e-10
6.293661e-02 1.764834e-10
6.327129e-02 1.783124e-10
6.360774e-02 1.805104e-10
6.394599e-02 1.827069e-10
6.428604e-02 1.845791e-10
6.462789e-02 1.862586e-10
6.497157e-02 1.881790e-10
6.531707e-02 1.904893e-10
6.566440e-02 1.927373e-10
6.601359e-02 1.947420e-10
6.636463e-02 1.966465e-10
6.671754e-02 1.985143e-10
6.707232e-02 2.008573e-10
6.742899e-02 2.034606e-10
6.778756e-02 2.056005e-10
6.814803e-02 2.073604e-10
6.851043e-02 2.094622e-10
6.887474e-02 2.121790e-10
6.924100e-02 2.147795e-10
6.960920e-02 2.169175e-10
6.997936e-02 2.189102e-10
7.035149e-02 2.212694e-10
7.072560e-02 2.240834e-10
7.110170e-02 2.268484e-10
7.147980e-02 2.291532e-10
7.185991e-02 2.310072e-10
7.224204e-02 2.337484e-10
7.262620e-02 2.371441e-10
7.301241e-02 2.395975e-10
7.340067e-02 2.416894e-10
7.379099e-02 2.441805e-10
7.418339e-02 2.474436e-10
7.457787e-02 2.505715e-10
7.497446e-02 2.531399e-10
7.537315e-02 2.553001e-10
7.577396e-02 2.582806e-10
7.617691e-02 2.621454e-10
7.658199e-02 2.651722e-10
7.698923e-02 2.670708e-10
7.739864e-02 2.701438e-10
7.781022e-02 2.742764e-10
7.822400e-02 2.773555e-10
7.863997e-02 2.800664e-10
7.905815e-02 2.825834e-10
7.947856e-02 2.865480e-10
7.990121e-02 2.906489e-10
8.032610e-02 2.931702e-10
8.075325e-02 2.953506e-10
8.118267e-02 2.996924e-10
8.161438e-02 3.040143e-10
8.204838e-02 3.062818e-10
8.248469e-02 3.089123e-10
8.292332e-02 3.131324e-10
8.336428e-02 3.172467e-10
8.380759e-02 3.205763e-10
8.425325e-02 3.223135e-10
8.470128e-02 3.270817e-10
8.515170e-02 3.319898e-10
8.560451e-02 3.343248e-10
8.605973e-02 3.368743e-10
8.651737e-02 3.422940e-10
8.697745e-02 3.464952e-10
8.743997e-02 3.494446e-10
8.790495e-02 3.522056e-10
8.837240e-02 3.576873e-10
8.884234e-02 3.628762e-10
8.931478e-02 3.643700e-10
8.978973e-02 3.685856e-10
9.026721e-02 3.751300e-10
9.074722e-02 3.785472e-10
9.122979e-02 3.810968e-10
9.171492e-02 3.866409e-10
9.220263e-02 3.926290e-10
9.269294e-02 3.962269e-10
9.318586e-02 3.982365e-10
9.368139e-02 4.066845e-10
9.417956e-02 4.109493e-10
9.468038e-02 4.129521e-10
9.518386e-02 4.189622e-10
9.569002e-02 4.252507e-10
9.619888e-02 4.291792e-10
9.671043e-02 4.311637e-10
9.722471e-02 4.397300e-10
9.774172e-02 4.448309e-10
9.826149e-02 4.453142e-10
9.878401e-02 4.539063e-10
9.930932e-02 4.594488e-10
9.983742e-02 4.627465e-10
1.003683e-01 4.665102e-10
1.009021e-01 4.758864e-10
1.014386e-01 4.795912e-10
1.019780e-01 4.811236e-10
1.025203e-01 4.922889e-10
1.030655e-01 4.962939e-10
1.036136e-01 4.984704e-10
1.041646e-01 5.082763e-10
1.047185e-01 5.146077e-10
1.052753e-01 5.169493e-10
1.058352e-01 5.246946e-10
1.063980e-01 5.342402e-10
1.069638e-01 5.344150e-10
1.075326e-01 5.433866e-10
1.081044e-01 5.519462e-10
1.086793e-01 5.547543e-10
1.092572e-01 5.599775e-10
1.098382e-01 5.718460e-10
1.104223e-01 5.727295e-10
1.110095e-01 5.800383e-10
1.115998e-01 5.899270e-10
1.121932e-01 5.931728e-10
1.127898e-01 5.991939e-10
1.133896e-01 6.104173e-10
1.139926e-01 6.127077e-10
1.145988e-01 6.200917e-10
1.152082e-01 6.334235e-10
1.158208e-01 6.312284e-10
1.164367e-01 6.454520e-10
1.170559e-01 6.525923e-10
1.176784e-01 6.542814e-10
1.183042e-01 6.691129e-10
1.189333e-01 6.761969e-10
1.195657e-01 6.747825e-10
1.202015e-01 6.949498e-10
1.208407e-01 6.959099e-10
1.214833e-01 7.014386e-10
1.221293e-01 7.162509e-10
1.227788e-01 7.169670e-10
1.234317e-01 7.297561e-10
1.240881e-01 7.386325e-10
1.247479e-01 7.399581e-10
1.254113e-01 7.582164e-10
1.260782e-01 7.656618e-10
1.267486e-01 7.633388e-10
1.274227e-01 7.884156e-10
1.281003e-01 7.829193e-10
1.287815e-01 8.030442e-10
1.294663e-01 8.094873e-10
1.301547e-01 8.097423e-10
1.308469e-01 8.293811e-10
1.315427e-01 8.337013e-10
1.322422e-01 8.457816e-10
1.329454e-01 8.507159e-10
1.336524e-01 8.571946e-10
1.343631e-01 8.740759e-10
1.350776e-01 8.811447e-10
1.357959e-01 8.945765e-10
1.365180e-01 9.077635e-10
1.372440e-01 9.073739e-10
1.379738e-01 9.233724e-10
1.387075e-01 9.347924e-10
1.394451e-01 9.485680e-10
1.401867e-01 9.554208e-10
1.409321e-01 9.637553e-10
1.416816e-01 9.757146e-10
1.424350e-01 9.803650e-10
1.431924e-01 9.972321e-10
1.439539e-01 1.007289e-09
1.447194e-01 1.034705e-09
1.454889e-01 1.031190e-09
1.462626e-01 1.044178e-09
1.470404e-01 1.058121e-09
1.478223e-01 1.058238e-09
1.486084e-01 1.087738e-09
1.493986e-01 1.077417e-09
1.501931e-01 1.104995e-09
1.509918e-01 1.119044e-09
1.517947e-01 1.131814e-09
1.526019e-01 1.147764e-09
1.534134e-01 1.161003e-09
1.542292e-01 1.161714e-09
1.550494e-01 1.182884e-09
1.558739e-01 1.201863e-09
1.567028e-01 1.193939e-09
1.575361e-01 1.218587e-09
1.583738e-01 1.225150e-09
1.592160e-01 1.238858e-09
1.600626e-01 1.256710e-09
1.609138e-01 1.283615e-09
1.617695e-01 1.275789e-09
1.626298e-01 1.302951e-09
1.634946e-01 1.312115e-09
1.643640e-01 1.322865e-09
1.652380e-01 1.337801e-09
1.661167e-01 1.370000e-09
1.670001e-01 1.376634e-09
1.678881e-01 1.384459e-09
1.687809e-01 1.402272e-09
1.696784e-01 1.420824e-09
1.705807e-01 1.425632e-09
1.714878e-01 1.437418e-09
1.723998e-01 1.461799e-09
1.733165e-01 1.490109e-09
1.742382e-01 1.491585e-09
1.751647e-01 1.516769e-09
1.760962e-01 1.541326e-09
1.770326e-01 1.561373e-09
1.779740e-01 1.567180e-09
1.789205e-01 1.589367e-09
1.798719e-01 1.621057e-09
1.808284e-01 1.635431e-09
1.817900e-01 1.625198e-09
1.827567e-01 1.655418e-09
1.837286e-01 1.664840e-09
1.847056e-01 1.689714e-09
1.856878e-01 1.695883e-09
1.866752e-01 1.719923e-09
1.876679e-01 1.752275e-09
1.886659e-01 1.791894e-09
1.896691e-01 1.811142e-09
1.906777e-01 1.814588e-09
1.916917e-01 1.822831e-09
1.927111e-01 1.809851e-09
1.937359e-01 1.873503e-09
1.947661e-01 1.904193e-09
1.958018e-01 1.927709e-09
1.968430e-01 1.942127e-09
1.978898e-01 1.907838e-09
1.989421e-01 1.952911e-09
2.000000e-01 1.992904e-09
