# Counting axions with IAXO (arXiv:2606.20826) by B. Grinstein, C. Miro and P. Quilez \cite{Grinstein:2026alk}
# g_disc for 2 axions in the hierarchical scenario from solar axions: experiment BabyIAXO, energy resolution 100 eV, mixing angle pi/4
# sqrt(Delta_m21^2) [eV]    g_BabyIAXO [GeV^-1]    (varphi = pi/4, w_res = 100 eV)
1.000000e-03 4.018662e-07
1.005318e-03 1.408798e-07
1.010664e-03 2.215115e-07
1.016038e-03 1.312623e-07
1.021441e-03 1.280442e-07
1.026873e-03 1.067162e-07
1.032333e-03 1.472999e-07
1.037823e-03 1.817338e-07
1.043342e-03 3.431085e-07
1.048890e-03 3.186709e-07
1.054468e-03 2.501218e-07
1.060075e-03 3.101010e-07
1.065712e-03 1.952927e-07
1.071380e-03 1.328946e-07
1.077077e-03 2.530668e-07
1.082804e-03 2.883186e-07
1.088562e-03 1.168183e-07
1.094351e-03 2.511578e-07
1.100171e-03 2.598202e-07
1.106021e-03 2.120056e-07
1.111902e-03 2.289262e-07
1.117815e-03 1.467348e-07
1.123759e-03 1.608005e-07
1.129735e-03 1.232509e-07
1.135743e-03 2.203726e-07
1.141782e-03 2.100427e-07
1.147854e-03 9.777032e-08
1.153958e-03 1.165321e-07
1.160094e-03 2.124671e-07
1.166263e-03 2.076516e-07
1.172465e-03 1.538838e-07
1.178700e-03 1.060526e-07
1.184968e-03 1.784595e-07
1.191269e-03 1.231418e-07
1.197604e-03 1.766385e-07
1.203973e-03 1.843377e-07
1.210375e-03 1.775961e-07
1.216812e-03 1.834355e-07
1.223282e-03 1.496102e-07
1.229787e-03 9.379403e-08
1.236327e-03 1.743880e-07
1.242901e-03 1.616768e-07
1.249511e-03 1.675396e-07
1.256155e-03 1.554169e-07
1.262835e-03 1.606006e-07
1.269551e-03 1.435208e-07
1.276302e-03 1.448222e-07
1.283089e-03 1.345600e-07
1.289912e-03 1.400110e-07
1.296771e-03 1.440373e-07
1.303667e-03 1.390743e-07
1.310600e-03 1.336497e-07
1.317569e-03 1.331115e-07
1.324575e-03 1.326806e-07
1.331619e-03 1.260776e-07
1.338700e-03 1.185543e-07
1.345819e-03 1.227463e-07
1.352976e-03 1.217863e-07
1.360170e-03 1.191980e-07
1.367403e-03 9.525417e-08
1.374675e-03 1.143509e-07
1.381985e-03 1.118859e-07
1.389334e-03 1.080414e-07
1.396722e-03 1.067529e-07
1.404149e-03 1.044922e-07
1.411616e-03 7.863731e-08
1.419123e-03 9.986694e-08
1.426669e-03 9.776241e-08
1.434256e-03 9.652240e-08
1.441883e-03 8.364052e-08
1.449550e-03 9.213470e-08
1.457259e-03 9.063317e-08
1.465008e-03 8.828461e-08
1.472798e-03 8.604775e-08
1.480630e-03 7.633601e-08
1.488504e-03 8.015858e-08
1.496419e-03 7.999641e-08
1.504377e-03 7.980861e-08
1.512377e-03 7.082011e-08
1.520419e-03 7.649413e-08
1.528504e-03 7.374194e-08
1.536632e-03 7.132181e-08
1.544804e-03 6.717673e-08
1.553019e-03 6.940444e-08
1.561277e-03 6.815529e-08
1.569580e-03 6.516470e-08
1.577926e-03 6.456132e-08
1.586317e-03 6.362724e-08
1.594753e-03 6.283743e-08
1.603233e-03 6.191469e-08
1.611759e-03 6.061657e-08
1.620329e-03 5.934765e-08
1.628946e-03 5.803317e-08
1.637608e-03 5.554590e-08
1.646317e-03 5.336347e-08
1.655071e-03 5.444369e-08
1.663872e-03 5.336639e-08
1.672720e-03 5.223901e-08
1.681615e-03 5.114863e-08
1.690558e-03 5.007814e-08
1.699548e-03 4.825591e-08
1.708585e-03 4.797625e-08
1.717671e-03 4.666726e-08
1.726805e-03 4.602759e-08
1.735988e-03 4.502287e-08
1.745219e-03 4.380255e-08
1.754500e-03 4.316921e-08
1.763830e-03 4.194619e-08
1.773209e-03 4.103525e-08
1.782639e-03 4.047407e-08
1.792118e-03 3.967712e-08
1.801648e-03 3.887938e-08
1.811229e-03 3.805314e-08
1.820860e-03 3.724331e-08
1.830543e-03 3.630471e-08
1.840278e-03 3.570630e-08
1.850064e-03 3.481329e-08
1.859902e-03 3.423831e-08
1.869792e-03 3.353077e-08
1.879735e-03 3.280500e-08
1.889731e-03 3.213165e-08
1.899780e-03 3.147538e-08
1.909883e-03 3.081183e-08
1.920039e-03 3.006372e-08
1.930249e-03 2.954056e-08
1.940513e-03 2.891180e-08
1.950833e-03 2.827718e-08
1.961207e-03 2.768009e-08
1.971636e-03 2.712809e-08
1.982120e-03 2.658302e-08
1.992661e-03 2.601081e-08
2.003257e-03 2.545330e-08
2.013910e-03 2.494927e-08
2.024619e-03 2.443335e-08
2.035385e-03 2.391685e-08
2.046209e-03 2.341477e-08
2.057090e-03 2.292993e-08
2.068029e-03 2.245274e-08
2.079026e-03 2.198846e-08
2.090082e-03 2.153088e-08
2.101196e-03 2.106705e-08
2.112370e-03 2.061732e-08
2.123603e-03 2.020856e-08
2.134896e-03 1.978344e-08
2.146248e-03 1.937582e-08
2.157662e-03 1.897499e-08
2.169135e-03 1.857751e-08
2.180670e-03 1.819281e-08
2.192266e-03 1.780906e-08
2.203924e-03 1.744141e-08
2.215644e-03 1.707999e-08
2.227426e-03 1.672299e-08
2.239271e-03 1.637570e-08
2.251179e-03 1.603545e-08
2.263150e-03 1.569904e-08
2.275185e-03 1.537559e-08
2.287284e-03 1.505356e-08
2.299447e-03 1.473761e-08
2.311674e-03 1.443192e-08
2.323967e-03 1.413651e-08
2.336325e-03 1.384292e-08
2.348749e-03 1.355527e-08
2.361239e-03 1.327323e-08
2.373796e-03 1.299794e-08
2.386419e-03 1.272830e-08
2.399109e-03 1.246449e-08
2.411867e-03 1.220544e-08
2.424692e-03 1.195263e-08
2.437586e-03 1.170481e-08
2.450549e-03 1.146183e-08
2.463580e-03 1.122433e-08
2.476681e-03 1.099170e-08
2.489851e-03 1.076437e-08
2.503091e-03 1.054157e-08
2.516402e-03 1.032333e-08
2.529783e-03 1.010943e-08
2.543236e-03 9.900526e-09
2.556760e-03 9.695779e-09
2.570356e-03 9.495245e-09
2.584025e-03 9.298647e-09
2.597766e-03 9.106939e-09
2.611580e-03 8.918644e-09
2.625468e-03 8.734772e-09
2.639429e-03 8.554444e-09
2.653465e-03 8.377944e-09
2.667575e-03 8.205147e-09
2.681761e-03 8.036010e-09
2.696021e-03 7.870308e-09
2.710358e-03 7.708253e-09
2.724771e-03 7.549533e-09
2.739260e-03 7.394122e-09
2.753827e-03 7.241982e-09
2.768471e-03 7.093051e-09
2.783193e-03 6.947241e-09
2.797993e-03 6.804453e-09
2.812872e-03 6.664694e-09
2.827830e-03 6.527900e-09
2.842868e-03 6.393932e-09
2.857985e-03 6.262794e-09
2.873183e-03 6.134410e-09
2.888462e-03 6.008728e-09
2.903822e-03 5.885676e-09
2.919264e-03 5.765207e-09
2.934788e-03 5.647250e-09
2.950394e-03 5.531785e-09
2.966083e-03 5.418764e-09
2.981856e-03 5.308098e-09
2.997713e-03 5.199755e-09
3.013654e-03 5.093687e-09
3.029679e-03 4.989845e-09
3.045790e-03 4.888184e-09
3.061987e-03 4.788662e-09
3.078270e-03 4.691215e-09
3.094639e-03 4.595836e-09
3.111095e-03 4.502447e-09
3.127639e-03 4.411021e-09
3.144271e-03 4.321516e-09
3.160992e-03 4.233881e-09
3.177801e-03 4.148095e-09
3.194699e-03 4.064112e-09
3.211688e-03 3.981890e-09
3.228767e-03 3.901393e-09
3.245936e-03 3.822590e-09
3.263197e-03 3.745434e-09
3.280550e-03 3.669907e-09
3.297995e-03 3.595958e-09
3.315533e-03 3.523569e-09
3.333164e-03 3.452696e-09
3.350889e-03 3.383311e-09
3.368708e-03 3.315382e-09
3.386622e-03 3.248883e-09
3.404631e-03 3.183778e-09
3.422735e-03 3.120041e-09
3.440937e-03 3.057641e-09
3.459234e-03 2.996552e-09
3.477630e-03 2.936745e-09
3.496123e-03 2.878194e-09
3.514714e-03 2.820872e-09
3.533404e-03 2.764754e-09
3.552194e-03 2.709814e-09
3.571083e-03 2.656028e-09
3.590073e-03 2.603371e-09
3.609164e-03 2.551818e-09
3.628357e-03 2.501349e-09
3.647651e-03 2.451939e-09
3.667049e-03 2.403567e-09
3.686549e-03 2.356209e-09
3.706153e-03 2.309846e-09
3.725861e-03 2.264455e-09
3.745674e-03 2.220017e-09
3.765593e-03 2.176512e-09
3.785617e-03 2.133920e-09
3.805748e-03 2.092221e-09
3.825986e-03 2.051397e-09
3.846331e-03 2.011430e-09
3.866785e-03 1.972301e-09
3.887347e-03 1.933993e-09
3.908019e-03 1.896488e-09
3.928801e-03 1.859769e-09
3.949693e-03 1.823821e-09
3.970696e-03 1.788626e-09
3.991811e-03 1.754168e-09
4.013039e-03 1.720433e-09
4.034379e-03 1.687405e-09
4.055832e-03 1.655068e-09
4.077400e-03 1.623409e-09
4.099083e-03 1.592412e-09
4.120880e-03 1.562064e-09
4.142794e-03 1.532351e-09
4.164824e-03 1.503260e-09
4.186971e-03 1.474777e-09
4.209237e-03 1.446889e-09
4.231620e-03 1.419584e-09
4.254123e-03 1.392850e-09
4.276745e-03 1.366674e-09
4.299487e-03 1.341043e-09
4.322351e-03 1.315948e-09
4.345336e-03 1.291375e-09
4.368443e-03 1.267315e-09
4.391673e-03 1.243755e-09
4.415027e-03 1.220686e-09
4.438505e-03 1.198096e-09
4.462107e-03 1.175976e-09
4.485835e-03 1.154315e-09
4.509690e-03 1.133103e-09
4.533671e-03 1.112331e-09
4.557780e-03 1.091988e-09
4.582017e-03 1.072067e-09
4.606383e-03 1.052556e-09
4.630878e-03 1.033449e-09
4.655504e-03 1.014735e-09
4.680260e-03 9.964062e-10
4.705148e-03 9.784541e-10
4.730169e-03 9.608703e-10
4.755323e-03 9.436467e-10
4.780610e-03 9.267753e-10
4.806032e-03 9.102485e-10
4.831589e-03 8.940583e-10
4.857282e-03 8.781974e-10
4.883112e-03 8.626584e-10
4.909079e-03 8.474340e-10
4.935184e-03 8.325171e-10
4.961428e-03 8.179008e-10
4.987811e-03 8.035784e-10
5.014335e-03 7.895430e-10
5.041000e-03 7.757881e-10
5.067806e-03 7.623074e-10
5.094755e-03 7.490944e-10
5.121848e-03 7.361431e-10
5.149084e-03 7.234474e-10
5.176466e-03 7.110013e-10
5.203993e-03 6.987990e-10
5.231666e-03 6.868348e-10
5.259486e-03 6.751032e-10
5.287455e-03 6.635986e-10
5.315572e-03 6.523158e-10
5.343839e-03 6.412494e-10
5.372256e-03 6.303944e-10
5.400824e-03 6.197456e-10
5.429544e-03 6.092983e-10
5.458416e-03 5.990476e-10
5.487443e-03 5.889888e-10
5.516623e-03 5.791174e-10
5.545959e-03 5.694288e-10
5.575451e-03 5.599187e-10
5.605100e-03 5.505829e-10
5.634906e-03 5.414172e-10
5.664871e-03 5.324176e-10
5.694995e-03 5.235802e-10
5.725279e-03 5.149011e-10
5.755725e-03 5.063767e-10
5.786332e-03 4.980033e-10
5.817102e-03 4.897775e-10
5.848035e-03 4.816959e-10
5.879134e-03 4.737552e-10
5.910397e-03 4.659524e-10
5.941827e-03 4.582843e-10
5.973424e-03 4.507480e-10
6.005189e-03 4.433408e-10
6.037123e-03 4.360598e-10
6.069226e-03 4.289026e-10
6.101501e-03 4.218666e-10
6.133947e-03 4.149494e-10
6.166565e-03 4.081487e-10
6.199357e-03 4.014625e-10
6.232324e-03 3.948886e-10
6.265465e-03 3.884250e-10
6.298783e-03 3.820698e-10
6.332278e-03 3.758214e-10
6.365952e-03 3.696779e-10
6.399804e-03 3.636378e-10
6.433836e-03 3.576996e-10
6.468049e-03 3.518619e-10
6.502445e-03 3.461232e-10
6.537023e-03 3.404823e-10
6.571785e-03 3.349380e-10
6.606732e-03 3.294892e-10
6.641864e-03 3.241346e-10
6.677184e-03 3.188733e-10
6.712691e-03 3.137043e-10
6.748387e-03 3.086266e-10
6.784273e-03 3.036393e-10
6.820350e-03 2.987415e-10
6.856619e-03 2.939323e-10
6.893080e-03 2.892109e-10
6.929736e-03 2.845764e-10
6.966586e-03 2.800280e-10
7.003632e-03 2.755648e-10
7.040876e-03 2.711862e-10
7.078317e-03 2.668911e-10
7.115957e-03 2.626787e-10
7.153798e-03 2.585483e-10
7.191840e-03 2.544988e-10
7.230084e-03 2.505295e-10
7.268531e-03 2.466392e-10
7.307183e-03 2.428272e-10
7.346041e-03 2.390924e-10
7.385105e-03 2.354337e-10
7.424377e-03 2.318501e-10
7.463857e-03 2.283406e-10
7.503548e-03 2.249039e-10
7.543450e-03 2.215389e-10
7.583564e-03 2.182444e-10
7.623891e-03 2.150192e-10
7.664432e-03 2.118620e-10
7.705190e-03 2.087716e-10
7.746164e-03 2.057466e-10
7.787355e-03 2.027856e-10
7.828766e-03 1.998873e-10
7.870397e-03 1.970504e-10
7.912250e-03 1.942734e-10
7.954325e-03 1.915550e-10
7.996624e-03 1.888937e-10
8.039148e-03 1.862881e-10
8.081897e-03 1.837369e-10
8.124875e-03 1.812387e-10
8.168080e-03 1.787920e-10
8.211516e-03 1.763955e-10
8.255182e-03 1.740479e-10
8.299081e-03 1.717478e-10
8.343213e-03 1.694939e-10
8.387580e-03 1.672851e-10
8.432183e-03 1.651199e-10
8.477022e-03 1.629973e-10
8.522101e-03 1.609161e-10
8.567419e-03 1.588751e-10
8.612978e-03 1.568732e-10
8.658779e-03 1.549094e-10
8.704824e-03 1.529826e-10
8.751114e-03 1.510918e-10
8.797650e-03 1.492361e-10
8.844433e-03 1.474144e-10
8.891465e-03 1.456260e-10
8.938747e-03 1.438699e-10
8.986281e-03 1.421453e-10
9.034068e-03 1.404513e-10
9.082108e-03 1.387872e-10
9.130404e-03 1.371522e-10
9.178957e-03 1.355455e-10
9.227768e-03 1.339664e-10
9.276839e-03 1.324141e-10
9.326170e-03 1.308882e-10
9.375764e-03 1.293878e-10
9.425622e-03 1.279123e-10
9.475744e-03 1.264613e-10
9.526134e-03 1.250340e-10
9.576791e-03 1.236301e-10
9.627717e-03 1.222490e-10
9.678915e-03 1.208904e-10
9.730384e-03 1.195536e-10
9.782128e-03 1.182385e-10
9.834146e-03 1.169447e-10
9.886441e-03 1.156718e-10
9.939015e-03 1.144196e-10
9.991867e-03 1.131878e-10
1.004500e-02 1.119763e-10
1.009842e-02 1.107847e-10
1.015212e-02 1.096130e-10
1.020610e-02 1.084608e-10
1.026038e-02 1.073280e-10
1.031494e-02 1.062145e-10
1.036979e-02 1.051199e-10
1.042493e-02 1.040441e-10
1.048037e-02 1.029867e-10
1.053610e-02 1.019476e-10
1.059213e-02 1.009263e-10
1.064846e-02 9.992265e-11
1.070508e-02 9.893618e-11
1.076201e-02 9.796653e-11
1.081924e-02 9.701331e-11
1.087677e-02 9.607609e-11
1.093461e-02 9.515445e-11
1.099276e-02 9.424795e-11
1.105121e-02 9.335613e-11
1.110998e-02 9.247855e-11
1.116906e-02 9.161478e-11
1.122845e-02 9.076438e-11
1.128816e-02 8.992692e-11
1.134819e-02 8.910199e-11
1.140854e-02 8.828920e-11
1.146921e-02 8.748816e-11
1.153020e-02 8.669851e-11
1.159151e-02 8.591990e-11
1.165315e-02 8.515202e-11
1.171512e-02 8.439458e-11
1.177742e-02 8.364731e-11
1.184004e-02 8.290997e-11
1.190301e-02 8.218236e-11
1.196630e-02 8.146434e-11
1.202994e-02 8.075576e-11
1.209391e-02 8.005656e-11
1.215822e-02 7.936668e-11
1.222287e-02 7.868613e-11
1.228787e-02 7.801492e-11
1.235321e-02 7.735310e-11
1.241891e-02 7.670075e-11
1.248495e-02 7.605795e-11
1.255134e-02 7.542479e-11
1.261808e-02 7.480134e-11
1.268518e-02 7.418767e-11
1.275264e-02 7.358383e-11
1.282045e-02 7.298983e-11
1.288863e-02 7.240567e-11
1.295717e-02 7.183131e-11
1.302607e-02 7.126668e-11
1.309534e-02 7.071169e-11
1.316497e-02 7.016620e-11
1.323498e-02 6.963007e-11
1.330536e-02 6.910312e-11
1.337612e-02 6.858516e-11
1.344725e-02 6.807596e-11
1.351875e-02 6.757529e-11
1.359064e-02 6.708291e-11
1.366291e-02 6.659856e-11
1.373557e-02 6.612197e-11
1.380861e-02 6.565289e-11
1.388204e-02 6.519108e-11
1.395586e-02 6.473630e-11
1.403008e-02 6.428834e-11
1.410468e-02 6.384704e-11
1.417969e-02 6.341224e-11
1.425509e-02 6.298383e-11
1.433090e-02 6.256172e-11
1.440710e-02 6.214587e-11
1.448372e-02 6.173621e-11
1.456074e-02 6.133273e-11
1.463817e-02 6.093540e-11
1.471601e-02 6.054422e-11
1.479426e-02 6.015916e-11
1.487293e-02 5.978023e-11
1.495202e-02 5.940740e-11
1.503153e-02 5.904068e-11
1.511147e-02 5.868005e-11
1.519183e-02 5.832549e-11
1.527261e-02 5.797701e-11
1.535383e-02 5.763456e-11
1.543547e-02 5.729814e-11
1.551756e-02 5.696769e-11
1.560007e-02 5.664319e-11
1.568303e-02 5.632461e-11
1.576643e-02 5.601190e-11
1.585027e-02 5.570505e-11
1.593456e-02 5.540401e-11
1.601929e-02 5.510875e-11
1.610448e-02 5.481922e-11
1.619012e-02 5.453536e-11
1.627621e-02 5.425707e-11
1.636276e-02 5.398424e-11
1.644978e-02 5.371673e-11
1.653725e-02 5.345441e-11
1.662519e-02 5.319709e-11
1.671360e-02 5.294463e-11
1.680248e-02 5.269686e-11
1.689183e-02 5.245363e-11
1.698165e-02 5.221481e-11
1.707196e-02 5.198030e-11
1.716274e-02 5.175004e-11
1.725401e-02 5.152400e-11
1.734576e-02 5.130221e-11
1.743800e-02 5.108474e-11
1.753073e-02 5.087171e-11
1.762395e-02 5.066323e-11
1.771767e-02 5.045946e-11
1.781189e-02 5.026051e-11
1.790661e-02 5.006651e-11
1.800183e-02 4.987754e-11
1.809756e-02 4.969366e-11
1.819380e-02 4.951488e-11
1.829055e-02 4.934118e-11
1.838781e-02 4.917252e-11
1.848559e-02 4.900880e-11
1.858389e-02 4.884993e-11
1.868272e-02 4.869579e-11
1.878206e-02 4.854628e-11
1.888194e-02 4.840131e-11
1.898235e-02 4.826079e-11
1.908329e-02 4.812466e-11
1.918477e-02 4.799284e-11
1.928679e-02 4.786528e-11
1.938935e-02 4.774195e-11
1.949246e-02 4.762280e-11
1.959612e-02 4.750785e-11
1.970032e-02 4.739709e-11
1.980508e-02 4.729057e-11
1.991040e-02 4.718833e-11
2.001628e-02 4.709047e-11
2.012272e-02 4.699708e-11
2.022973e-02 4.690827e-11
2.033730e-02 4.682416e-11
2.044545e-02 4.674481e-11
2.055417e-02 4.667029e-11
2.066347e-02 4.660059e-11
2.077336e-02 4.653571e-11
2.088382e-02 4.647560e-11
2.099488e-02 4.642021e-11
2.110652e-02 4.636949e-11
2.121876e-02 4.632339e-11
2.133160e-02 4.628192e-11
2.144503e-02 4.624508e-11
2.155907e-02 4.621290e-11
2.167371e-02 4.618539e-11
2.178897e-02 4.616255e-11
2.190484e-02 4.614436e-11
2.202132e-02 4.613080e-11
2.213842e-02 4.612182e-11
2.225615e-02 4.611739e-11
2.237450e-02 4.611751e-11
2.249348e-02 4.612221e-11
2.261309e-02 4.613156e-11
2.273334e-02 4.614568e-11
2.285423e-02 4.616467e-11
2.297577e-02 4.618867e-11
2.309794e-02 4.621781e-11
2.322077e-02 4.625219e-11
2.334425e-02 4.629192e-11
2.346839e-02 4.633707e-11
2.359319e-02 4.638773e-11
2.371865e-02 4.644393e-11
2.384478e-02 4.650566e-11
2.397158e-02 4.657287e-11
2.409905e-02 4.664547e-11
2.422721e-02 4.672336e-11
2.435604e-02 4.680646e-11
2.448556e-02 4.689476e-11
2.461576e-02 4.698833e-11
2.474666e-02 4.708732e-11
2.487826e-02 4.719196e-11
2.501056e-02 4.730243e-11
2.514355e-02 4.741894e-11
2.527726e-02 4.754164e-11
2.541168e-02 4.767063e-11
2.554681e-02 4.780601e-11
2.568266e-02 4.794786e-11
2.581923e-02 4.809626e-11
2.595653e-02 4.825128e-11
2.609456e-02 4.841297e-11
2.623332e-02 4.858139e-11
2.637283e-02 4.875661e-11
2.651307e-02 4.893871e-11
2.665406e-02 4.912784e-11
2.679580e-02 4.932411e-11
2.693829e-02 4.952762e-11
2.708154e-02 4.973844e-11
2.722555e-02 4.995662e-11
2.737033e-02 5.018224e-11
2.751588e-02 5.041548e-11
2.766220e-02 5.065655e-11
2.780930e-02 5.090568e-11
2.795718e-02 5.116307e-11
2.810585e-02 5.142886e-11
2.825530e-02 5.170318e-11
2.840556e-02 5.198618e-11
2.855661e-02 5.227801e-11
2.870847e-02 5.257889e-11
2.886113e-02 5.288897e-11
2.901461e-02 5.320842e-11
2.916890e-02 5.353741e-11
2.932401e-02 5.387608e-11
2.947994e-02 5.422457e-11
2.963671e-02 5.458295e-11
2.979431e-02 5.495130e-11
2.995275e-02 5.532972e-11
3.011203e-02 5.571851e-11
3.027215e-02 5.611806e-11
3.043313e-02 5.652884e-11
3.059497e-02 5.695122e-11
3.075766e-02 5.738545e-11
3.092122e-02 5.783173e-11
3.108565e-02 5.829022e-11
3.125096e-02 5.876105e-11
3.141714e-02 5.924437e-11
3.158421e-02 5.974038e-11
3.175216e-02 6.024942e-11
3.192101e-02 6.077184e-11
3.209076e-02 6.130802e-11
3.226141e-02 6.185822e-11
3.243297e-02 6.242276e-11
3.260543e-02 6.300204e-11
3.277882e-02 6.359648e-11
3.295313e-02 6.420639e-11
3.312836e-02 6.483199e-11
3.330453e-02 6.547356e-11
3.348164e-02 6.613150e-11
3.365968e-02 6.680628e-11
3.383867e-02 6.749838e-11
3.401862e-02 6.820833e-11
3.419952e-02 6.893656e-11
3.438138e-02 6.968333e-11
3.456421e-02 7.044877e-11
3.474801e-02 7.123322e-11
3.493279e-02 7.203727e-11
3.511856e-02 7.286155e-11
3.530531e-02 7.370653e-11
3.549305e-02 7.457259e-11
3.568179e-02 7.546018e-11
3.587154e-02 7.636973e-11
3.606229e-02 7.730177e-11
3.625406e-02 7.825696e-11
3.644685e-02 7.923584e-11
3.664066e-02 8.023870e-11
3.683551e-02 8.126588e-11
3.703139e-02 8.231794e-11
3.722831e-02 8.339540e-11
3.742628e-02 8.449861e-11
3.762530e-02 8.562811e-11
3.782538e-02 8.678457e-11
3.802653e-02 8.796863e-11
3.822874e-02 8.918078e-11
3.843203e-02 9.042113e-11
3.863640e-02 9.168944e-11
3.884186e-02 9.298592e-11
3.904841e-02 9.431160e-11
3.925606e-02 9.566749e-11
3.946481e-02 9.705406e-11
3.967467e-02 9.847142e-11
3.988565e-02 9.991942e-11
4.009775e-02 1.013980e-10
4.031098e-02 1.029073e-10
4.052534e-02 1.044470e-10
4.074084e-02 1.060170e-10
4.095749e-02 1.076177e-10
4.117529e-02 1.092488e-10
4.139425e-02 1.109097e-10
4.161437e-02 1.126005e-10
4.183566e-02 1.143211e-10
4.205813e-02 1.160718e-10
4.228179e-02 1.178512e-10
4.250663e-02 1.196579e-10
4.273267e-02 1.214918e-10
4.295991e-02 1.233519e-10
4.318836e-02 1.252357e-10
4.341802e-02 1.271405e-10
4.364890e-02 1.290650e-10
4.388101e-02 1.310090e-10
4.411436e-02 1.329713e-10
4.434895e-02 1.349508e-10
4.458478e-02 1.369462e-10
4.482187e-02 1.389547e-10
4.506022e-02 1.409745e-10
4.529984e-02 1.430040e-10
4.554073e-02 1.450395e-10
4.578290e-02 1.470738e-10
4.602636e-02 1.491035e-10
4.627112e-02 1.511292e-10
4.651717e-02 1.531502e-10
4.676454e-02 1.551659e-10
4.701322e-02 1.571762e-10
4.726322e-02 1.591800e-10
4.751455e-02 1.611730e-10
4.776722e-02 1.631525e-10
4.802124e-02 1.651130e-10
4.827660e-02 1.670511e-10
4.853332e-02 1.689655e-10
4.879141e-02 1.708544e-10
4.905086e-02 1.727168e-10
4.931170e-02 1.745629e-10
4.957393e-02 1.763978e-10
4.983755e-02 1.782178e-10
5.010257e-02 1.800194e-10
5.036900e-02 1.818003e-10
5.063685e-02 1.835570e-10
5.090612e-02 1.852874e-10
5.117682e-02 1.869896e-10
5.144897e-02 1.886722e-10
5.172256e-02 1.903457e-10
5.199760e-02 1.920125e-10
5.227411e-02 1.936820e-10
5.255209e-02 1.953544e-10
5.283155e-02 1.970220e-10
5.311249e-02 1.986807e-10
5.339493e-02 2.003232e-10
5.367887e-02 2.019508e-10
5.396431e-02 2.035729e-10
5.425128e-02 2.052098e-10
5.453977e-02 2.068746e-10
5.482980e-02 2.085612e-10
5.512137e-02 2.102732e-10
5.541449e-02 2.119996e-10
5.570917e-02 2.137248e-10
5.600541e-02 2.154485e-10
5.630323e-02 2.171823e-10
5.660264e-02 2.189410e-10
5.690363e-02 2.207384e-10
5.720623e-02 2.225859e-10
5.751044e-02 2.244762e-10
5.781626e-02 2.264062e-10
5.812371e-02 2.283553e-10
5.843280e-02 2.303146e-10
5.874352e-02 2.322879e-10
5.905591e-02 2.342870e-10
5.936995e-02 2.363356e-10
5.968566e-02 2.384667e-10
6.000305e-02 2.406676e-10
6.032213e-02 2.429168e-10
6.064290e-02 2.451862e-10
6.096539e-02 2.474595e-10
6.128958e-02 2.497466e-10
6.161550e-02 2.520852e-10
6.194316e-02 2.545094e-10
6.227255e-02 2.570232e-10
6.260370e-02 2.596018e-10
6.293661e-02 2.622268e-10
6.327129e-02 2.648661e-10
6.360774e-02 2.675208e-10
6.394599e-02 2.702012e-10
6.428604e-02 2.729350e-10
6.462789e-02 2.757756e-10
6.497157e-02 2.787277e-10
6.531707e-02 2.817564e-10
6.566440e-02 2.847963e-10
6.601359e-02 2.878111e-10
6.636463e-02 2.908200e-10
6.671754e-02 2.939053e-10
6.707232e-02 2.971168e-10
6.742899e-02 3.004688e-10
6.778756e-02 3.038824e-10
6.814803e-02 3.072731e-10
6.851043e-02 3.106342e-10
6.887474e-02 3.140076e-10
6.924100e-02 3.174490e-10
6.960920e-02 3.210186e-10
6.997936e-02 3.247143e-10
7.035149e-02 3.284954e-10
7.072560e-02 3.322605e-10
7.110170e-02 3.359474e-10
7.147980e-02 3.395679e-10
7.185991e-02 3.433000e-10
7.224204e-02 3.472751e-10
7.262620e-02 3.514040e-10
7.301241e-02 3.554929e-10
7.340067e-02 3.594393e-10
7.379099e-02 3.633257e-10
7.418339e-02 3.672766e-10
7.457787e-02 3.714359e-10
7.497446e-02 3.757902e-10
7.537315e-02 3.801811e-10
7.577396e-02 3.844697e-10
7.617691e-02 3.886456e-10
7.658199e-02 3.927615e-10
7.698923e-02 3.970336e-10
7.739864e-02 4.016529e-10
7.781022e-02 4.064744e-10
7.822400e-02 4.110866e-10
7.863997e-02 4.153754e-10
7.905815e-02 4.196529e-10
7.947856e-02 4.243057e-10
7.990121e-02 4.293229e-10
8.032610e-02 4.343561e-10
8.075325e-02 4.391760e-10
8.118267e-02 4.438219e-10
8.161438e-02 4.484154e-10
8.204838e-02 4.533103e-10
8.248469e-02 4.586893e-10
8.292332e-02 4.641646e-10
8.336428e-02 4.693151e-10
8.380759e-02 4.740532e-10
8.425325e-02 4.788191e-10
8.470128e-02 4.843615e-10
8.515170e-02 4.904089e-10
8.560451e-02 4.959750e-10
8.605973e-02 5.010015e-10
8.651737e-02 5.060825e-10
8.697745e-02 5.115893e-10
8.743997e-02 5.176139e-10
8.790495e-02 5.237989e-10
8.837240e-02 5.295794e-10
8.884234e-02 5.346812e-10
8.931478e-02 5.399000e-10
8.978973e-02 5.462606e-10
9.026721e-02 5.530975e-10
9.074722e-02 5.591587e-10
9.122979e-02 5.643478e-10
9.171492e-02 5.697789e-10
9.220263e-02 5.764705e-10
9.269294e-02 5.835469e-10
9.318586e-02 5.898243e-10
9.368139e-02 5.957426e-10
9.417956e-02 6.013120e-10
9.468038e-02 6.078148e-10
9.518386e-02 6.157495e-10
9.569002e-02 6.228532e-10
9.619888e-02 6.284162e-10
9.671043e-02 6.341743e-10
9.722471e-02 6.419507e-10
9.774172e-02 6.502382e-10
9.826149e-02 6.571755e-10
9.878401e-02 6.632147e-10
9.930932e-02 6.698299e-10
9.983742e-02 6.780680e-10
1.003683e-01 6.866536e-10
1.009021e-01 6.943177e-10
1.014386e-01 7.001133e-10
1.019780e-01 7.071007e-10
1.025203e-01 7.173738e-10
1.030655e-01 7.259918e-10
1.036136e-01 7.323127e-10
1.041646e-01 7.393108e-10
1.047185e-01 7.484558e-10
1.052753e-01 7.585198e-10
1.058352e-01 7.668847e-10
1.063980e-01 7.736697e-10
1.069638e-01 7.813953e-10
1.075326e-01 7.927317e-10
1.081044e-01 8.032920e-10
1.086793e-01 8.097950e-10
1.092572e-01 8.171038e-10
1.098382e-01 8.294968e-10
1.104223e-01 8.400588e-10
1.110095e-01 8.485039e-10
1.115998e-01 8.559827e-10
1.121932e-01 8.662562e-10
1.127898e-01 8.795524e-10
1.133896e-01 8.888423e-10
1.139926e-01 8.950240e-10
1.145988e-01 9.054946e-10
1.152082e-01 9.204282e-10
1.158208e-01 9.287217e-10
1.164367e-01 9.356913e-10
1.170559e-01 9.469682e-10
1.176784e-01 9.600187e-10
1.183042e-01 9.716812e-10
1.189333e-01 9.775045e-10
1.195657e-01 9.879212e-10
1.202015e-01 1.004985e-09
1.208407e-01 1.014195e-09
1.214833e-01 1.020382e-09
1.221293e-01 1.034045e-09
1.227788e-01 1.049779e-09
1.234317e-01 1.059070e-09
1.240881e-01 1.067183e-09
1.247479e-01 1.080319e-09
1.254113e-01 1.099034e-09
1.260782e-01 1.106346e-09
1.267486e-01 1.113481e-09
1.274227e-01 1.134838e-09
1.281003e-01 1.147139e-09
1.287815e-01 1.155669e-09
1.294663e-01 1.168019e-09
1.301547e-01 1.187722e-09
1.308469e-01 1.201747e-09
1.315427e-01 1.206977e-09
1.322422e-01 1.226091e-09
1.329454e-01 1.247215e-09
1.336524e-01 1.251719e-09
1.343631e-01 1.265709e-09
1.350776e-01 1.286953e-09
1.357959e-01 1.301724e-09
1.365180e-01 1.306775e-09
1.372440e-01 1.326599e-09
1.379738e-01 1.348354e-09
1.387075e-01 1.353333e-09
1.394451e-01 1.367397e-09
1.401867e-01 1.393470e-09
1.409321e-01 1.402661e-09
1.416816e-01 1.412372e-09
1.424350e-01 1.435986e-09
1.431924e-01 1.456869e-09
1.439539e-01 1.457717e-09
1.447194e-01 1.484787e-09
1.454889e-01 1.506843e-09
1.462626e-01 1.511245e-09
1.470404e-01 1.533660e-09
1.478223e-01 1.556545e-09
1.486084e-01 1.572920e-09
1.493986e-01 1.578141e-09
1.501931e-01 1.619944e-09
1.509918e-01 1.624263e-09
1.517947e-01 1.638537e-09
1.526019e-01 1.672261e-09
1.534134e-01 1.683624e-09
1.542292e-01 1.692218e-09
1.550494e-01 1.727121e-09
1.558739e-01 1.745525e-09
1.567028e-01 1.743334e-09
1.575361e-01 1.792265e-09
1.583738e-01 1.798183e-09
1.592160e-01 1.807884e-09
1.600626e-01 1.846832e-09
1.609138e-01 1.864551e-09
1.617695e-01 1.865987e-09
1.626298e-01 1.918416e-09
1.634946e-01 1.917152e-09
1.643640e-01 1.944126e-09
1.652380e-01 1.975040e-09
1.661167e-01 1.995759e-09
1.670001e-01 2.008721e-09
1.678881e-01 2.053225e-09
1.687809e-01 2.048873e-09
1.696784e-01 2.096220e-09
1.705807e-01 2.110069e-09
1.714878e-01 2.122009e-09
1.723998e-01 2.158521e-09
1.733165e-01 2.191465e-09
1.742382e-01 2.186680e-09
1.751647e-01 2.246375e-09
1.760962e-01 2.247732e-09
1.770326e-01 2.284246e-09
1.779740e-01 2.310412e-09
1.789205e-01 2.317881e-09
1.798719e-01 2.380512e-09
1.808284e-01 2.386970e-09
1.817900e-01 2.412209e-09
1.827567e-01 2.448185e-09
1.837286e-01 2.460242e-09
1.847056e-01 2.503117e-09
1.856878e-01 2.541340e-09
1.866752e-01 2.525482e-09
1.876679e-01 2.602664e-09
1.886659e-01 2.608903e-09
1.896691e-01 2.645462e-09
1.906777e-01 2.689726e-09
1.916917e-01 2.677235e-09
1.927111e-01 2.751177e-09
1.937359e-01 2.738028e-09
1.947661e-01 2.819651e-09
1.958018e-01 2.843623e-09
1.968430e-01 2.835321e-09
1.978898e-01 2.910489e-09
1.989421e-01 2.892516e-09
2.000000e-01 2.976108e-09
