# Counting axions with IAXO (arXiv:2606.20826) by B. Grinstein, C. Miro and P. Quilez \cite{Grinstein:2026alk}
# g_disc for 2 axions in the quasi-degenerate scenario from solar axions: experiment IAXO, energy resolution 10 eV, mixing angle pi/4
# sqrt(Delta_m21^2) [eV]    g_IAXO [GeV^-1]    (varphi = pi/4, w_res = 10 eV)
1.000000e-09 3.103029e-08
1.009963e-09 3.042111e-08
1.020025e-09 2.982390e-08
1.030187e-09 2.923841e-08
1.040450e-09 2.866442e-08
1.050816e-09 2.810169e-08
1.061285e-09 2.755001e-08
1.071858e-09 2.700916e-08
1.082537e-09 2.647893e-08
1.093322e-09 2.595911e-08
1.104214e-09 2.544949e-08
1.115215e-09 2.494988e-08
1.126326e-09 2.446007e-08
1.137547e-09 2.397989e-08
1.148880e-09 2.350912e-08
1.160326e-09 2.304760e-08
1.171886e-09 2.259514e-08
1.183561e-09 2.215157e-08
1.195353e-09 2.171670e-08
1.207262e-09 2.129036e-08
1.219289e-09 2.087240e-08
1.231437e-09 2.046264e-08
1.243705e-09 2.006093e-08
1.256096e-09 1.966710e-08
1.268610e-09 1.928101e-08
1.281249e-09 1.890249e-08
1.294013e-09 1.853141e-08
1.306905e-09 1.816761e-08
1.319925e-09 1.781095e-08
1.333075e-09 1.746129e-08
1.346356e-09 1.711850e-08
1.359770e-09 1.678244e-08
1.373317e-09 1.645298e-08
1.386999e-09 1.612998e-08
1.400817e-09 1.581332e-08
1.414773e-09 1.550288e-08
1.428868e-09 1.519854e-08
1.443103e-09 1.490017e-08
1.457480e-09 1.460765e-08
1.472001e-09 1.432088e-08
1.486666e-09 1.403974e-08
1.501477e-09 1.376412e-08
1.516436e-09 1.349391e-08
1.531544e-09 1.322900e-08
1.546802e-09 1.296930e-08
1.562212e-09 1.271469e-08
1.577776e-09 1.246508e-08
1.593495e-09 1.222037e-08
1.609371e-09 1.198047e-08
1.625404e-09 1.174527e-08
1.641598e-09 1.151470e-08
1.657953e-09 1.128865e-08
1.674470e-09 1.106703e-08
1.691153e-09 1.084977e-08
1.708001e-09 1.063677e-08
1.725017e-09 1.042796e-08
1.742203e-09 1.022324e-08
1.759560e-09 1.002254e-08
1.777090e-09 9.825785e-09
1.794795e-09 9.632890e-09
1.812676e-09 9.443782e-09
1.830735e-09 9.258386e-09
1.848974e-09 9.076630e-09
1.867395e-09 8.898443e-09
1.885999e-09 8.723753e-09
1.904789e-09 8.552492e-09
1.923765e-09 8.384594e-09
1.942931e-09 8.219992e-09
1.962288e-09 8.058622e-09
1.981838e-09 7.900419e-09
2.001582e-09 7.745322e-09
2.021524e-09 7.593270e-09
2.041663e-09 7.444203e-09
2.062004e-09 7.298062e-09
2.082547e-09 7.154790e-09
2.103295e-09 7.014331e-09
2.124249e-09 6.876629e-09
2.145413e-09 6.741631e-09
2.166787e-09 6.609283e-09
2.188374e-09 6.479533e-09
2.210176e-09 6.352330e-09
2.232195e-09 6.227625e-09
2.254434e-09 6.105368e-09
2.276894e-09 5.985510e-09
2.299578e-09 5.868006e-09
2.322488e-09 5.752809e-09
2.345626e-09 5.639873e-09
2.368995e-09 5.529154e-09
2.392597e-09 5.420609e-09
2.416433e-09 5.314195e-09
2.440508e-09 5.209870e-09
2.464822e-09 5.107593e-09
2.489378e-09 5.007323e-09
2.514179e-09 4.909023e-09
2.539227e-09 4.812652e-09
2.564525e-09 4.718173e-09
2.590074e-09 4.625548e-09
2.615878e-09 4.534742e-09
2.641939e-09 4.445719e-09
2.668260e-09 4.358444e-09
2.694843e-09 4.272882e-09
2.721691e-09 4.188999e-09
2.748807e-09 4.106764e-09
2.776192e-09 4.026142e-09
2.803851e-09 3.947104e-09
2.831785e-09 3.869617e-09
2.859997e-09 3.793651e-09
2.888490e-09 3.719177e-09
2.917267e-09 3.646165e-09
2.946331e-09 3.574586e-09
2.975685e-09 3.504412e-09
3.005330e-09 3.435616e-09
3.035272e-09 3.368171e-09
3.065511e-09 3.302050e-09
3.096052e-09 3.237226e-09
3.126897e-09 3.173676e-09
3.158049e-09 3.111373e-09
3.189512e-09 3.050293e-09
3.221288e-09 2.990412e-09
3.253381e-09 2.931707e-09
3.285793e-09 2.874154e-09
3.318529e-09 2.817731e-09
3.351590e-09 2.762416e-09
3.384981e-09 2.708187e-09
3.418705e-09 2.655023e-09
3.452764e-09 2.602902e-09
3.487163e-09 2.551804e-09
3.521905e-09 2.501710e-09
3.556992e-09 2.452599e-09
3.592430e-09 2.404452e-09
3.628220e-09 2.357250e-09
3.664367e-09 2.310975e-09
3.700874e-09 2.265609e-09
3.737744e-09 2.221133e-09
3.774982e-09 2.177531e-09
3.812591e-09 2.134784e-09
3.850575e-09 2.092876e-09
3.888937e-09 2.051792e-09
3.927682e-09 2.011514e-09
3.966812e-09 1.972026e-09
4.006332e-09 1.933314e-09
4.046246e-09 1.895362e-09
4.086558e-09 1.858155e-09
4.127271e-09 1.821679e-09
4.168389e-09 1.785918e-09
4.209918e-09 1.750860e-09
4.251860e-09 1.716490e-09
4.294220e-09 1.682795e-09
4.337002e-09 1.649761e-09
4.380210e-09 1.617376e-09
4.423849e-09 1.585627e-09
4.467923e-09 1.554501e-09
4.512435e-09 1.523986e-09
4.557391e-09 1.494070e-09
4.602795e-09 1.464741e-09
4.648651e-09 1.435989e-09
4.694964e-09 1.407801e-09
4.741739e-09 1.380166e-09
4.788980e-09 1.353074e-09
4.836691e-09 1.326513e-09
4.884877e-09 1.300475e-09
4.933544e-09 1.274947e-09
4.982695e-09 1.249921e-09
5.032336e-09 1.225386e-09
5.082472e-09 1.201333e-09
5.133107e-09 1.177752e-09
5.184247e-09 1.154634e-09
5.235896e-09 1.131969e-09
5.288060e-09 1.109750e-09
5.340743e-09 1.087968e-09
5.393951e-09 1.066612e-09
5.447689e-09 1.045677e-09
5.501963e-09 1.025152e-09
5.556778e-09 1.005030e-09
5.612138e-09 9.853033e-10
5.668050e-09 9.659639e-10
5.724519e-09 9.470043e-10
5.781551e-09 9.284170e-10
5.839151e-09 9.101946e-10
5.897324e-09 8.923301e-10
5.956078e-09 8.748163e-10
6.015416e-09 8.576465e-10
6.075346e-09 8.408138e-10
6.135873e-09 8.243116e-10
6.197003e-09 8.081335e-10
6.258742e-09 7.922731e-10
6.321096e-09 7.767241e-10
6.384071e-09 7.614805e-10
6.447674e-09 7.465362e-10
6.511910e-09 7.318854e-10
6.576786e-09 7.175223e-10
6.642309e-09 7.034413e-10
6.708484e-09 6.896368e-10
6.775319e-09 6.761034e-10
6.842819e-09 6.628358e-10
6.910992e-09 6.498288e-10
6.979844e-09 6.370772e-10
7.049382e-09 6.245761e-10
7.119613e-09 6.123205e-10
7.190544e-09 6.003056e-10
7.262181e-09 5.885267e-10
7.334532e-09 5.769792e-10
7.407604e-09 5.656585e-10
7.481403e-09 5.545602e-10
7.555938e-09 5.436798e-10
7.631216e-09 5.330132e-10
7.707243e-09 5.225561e-10
7.784028e-09 5.123045e-10
7.861578e-09 5.022542e-10
7.939901e-09 4.924014e-10
8.019004e-09 4.827422e-10
8.098895e-09 4.732727e-10
8.179582e-09 4.639893e-10
8.261072e-09 4.548883e-10
8.343375e-09 4.459661e-10
8.426497e-09 4.372192e-10
8.510448e-09 4.286442e-10
8.595235e-09 4.202377e-10
8.680867e-09 4.119965e-10
8.767352e-09 4.039171e-10
8.854698e-09 3.959966e-10
8.942915e-09 3.882317e-10
9.032011e-09 3.806195e-10
9.121994e-09 3.731568e-10
9.212874e-09 3.658409e-10
9.304659e-09 3.586688e-10
9.397358e-09 3.516377e-10
9.490981e-09 3.447448e-10
9.585537e-09 3.379875e-10
9.681035e-09 3.313630e-10
9.777484e-09 3.248688e-10
9.874894e-09 3.185022e-10
9.973275e-09 3.122609e-10
1.007264e-08 3.061424e-10
1.017299e-08 3.001442e-10
1.027434e-08 2.942640e-10
1.037670e-08 2.884995e-10
1.048008e-08 2.828484e-10
1.058449e-08 2.773084e-10
1.068994e-08 2.718775e-10
1.079644e-08 2.665535e-10
1.090400e-08 2.613343e-10
1.101263e-08 2.562178e-10
1.112235e-08 2.512020e-10
1.123316e-08 2.462849e-10
1.134507e-08 2.414647e-10
1.145810e-08 2.367394e-10
1.157225e-08 2.321072e-10
1.168754e-08 2.275662e-10
1.180398e-08 2.231147e-10
1.192158e-08 2.187509e-10
1.204035e-08 2.144731e-10
1.216031e-08 2.102796e-10
1.228146e-08 2.061688e-10
1.240381e-08 2.021390e-10
1.252739e-08 1.981887e-10
1.265219e-08 1.943163e-10
1.277824e-08 1.905203e-10
1.290555e-08 1.867991e-10
1.303412e-08 1.831515e-10
1.316398e-08 1.795758e-10
1.329513e-08 1.760707e-10
1.342758e-08 1.726348e-10
1.356136e-08 1.692668e-10
1.369647e-08 1.659653e-10
1.383292e-08 1.627291e-10
1.397073e-08 1.595569e-10
1.410992e-08 1.564474e-10
1.425049e-08 1.533994e-10
1.439247e-08 1.504116e-10
1.453585e-08 1.474831e-10
1.468067e-08 1.446125e-10
1.482693e-08 1.417987e-10
1.497465e-08 1.390407e-10
1.512383e-08 1.363374e-10
1.527451e-08 1.336876e-10
1.542668e-08 1.310905e-10
1.558037e-08 1.285448e-10
1.573560e-08 1.260497e-10
1.589237e-08 1.236042e-10
1.605070e-08 1.212072e-10
1.621061e-08 1.188579e-10
1.637211e-08 1.165553e-10
1.653522e-08 1.142986e-10
1.669995e-08 1.120868e-10
1.686633e-08 1.099190e-10
1.703436e-08 1.077945e-10
1.720407e-08 1.057124e-10
1.737547e-08 1.036718e-10
1.754858e-08 1.016720e-10
1.772341e-08 9.971211e-11
1.789998e-08 9.779148e-11
1.807831e-08 9.590930e-11
1.825842e-08 9.406483e-11
1.844033e-08 9.225734e-11
1.862404e-08 9.048614e-11
1.880959e-08 8.875052e-11
1.899698e-08 8.704980e-11
1.918624e-08 8.538332e-11
1.937739e-08 8.375041e-11
1.957044e-08 8.215045e-11
1.976541e-08 8.058279e-11
1.996233e-08 7.904683e-11
2.016121e-08 7.754197e-11
2.036207e-08 7.606761e-11
2.056493e-08 7.462317e-11
2.076981e-08 7.320809e-11
2.097674e-08 7.182182e-11
2.118572e-08 7.046380e-11
2.139679e-08 6.913352e-11
2.160996e-08 6.783044e-11
2.182525e-08 6.655407e-11
2.204269e-08 6.530389e-11
2.226230e-08 6.407943e-11
2.248409e-08 6.288020e-11
2.270809e-08 6.170573e-11
2.293433e-08 6.055558e-11
2.316281e-08 5.942928e-11
2.339358e-08 5.832640e-11
2.362664e-08 5.724652e-11
2.386203e-08 5.618921e-11
2.409976e-08 5.515407e-11
2.433985e-08 5.414070e-11
2.458235e-08 5.314870e-11
2.482725e-08 5.217769e-11
2.507460e-08 5.122731e-11
2.532441e-08 5.029719e-11
2.557671e-08 4.938698e-11
2.583152e-08 4.849633e-11
2.608887e-08 4.762492e-11
2.634879e-08 4.677241e-11
2.661129e-08 4.593849e-11
2.687641e-08 4.512287e-11
2.714418e-08 4.432525e-11
2.741461e-08 4.354534e-11
2.768773e-08 4.278289e-11
2.796357e-08 4.203762e-11
2.824217e-08 4.130931e-11
2.852353e-08 4.059772e-11
2.880771e-08 3.990262e-11
2.909471e-08 3.922382e-11
2.938457e-08 3.856111e-11
2.967732e-08 3.791428e-11
2.997299e-08 3.728309e-11
3.027160e-08 3.666728e-11
3.057319e-08 3.606653e-11
3.087778e-08 3.548044e-11
3.118540e-08 3.490858e-11
3.149609e-08 3.435046e-11
3.180988e-08 3.380555e-11
3.212679e-08 3.327332e-11
3.244686e-08 3.275325e-11
3.277012e-08 3.224481e-11
3.309660e-08 3.174749e-11
3.342633e-08 3.126083e-11
3.375935e-08 3.078437e-11
3.409568e-08 3.031769e-11
3.443537e-08 2.986039e-11
3.477844e-08 2.941212e-11
3.512492e-08 2.897252e-11
3.547486e-08 2.854129e-11
3.582829e-08 2.811814e-11
3.618523e-08 2.770280e-11
3.654574e-08 2.729503e-11
3.690983e-08 2.689459e-11
3.727755e-08 2.650129e-11
3.764894e-08 2.611492e-11
3.802402e-08 2.573532e-11
3.840285e-08 2.536233e-11
3.878544e-08 2.499578e-11
3.917185e-08 2.463556e-11
3.956211e-08 2.428151e-11
3.995625e-08 2.393354e-11
4.035432e-08 2.359152e-11
4.075636e-08 2.325534e-11
4.116241e-08 2.292491e-11
4.157249e-08 2.260012e-11
4.198667e-08 2.228089e-11
4.240497e-08 2.196711e-11
4.282744e-08 2.165869e-11
4.325411e-08 2.135555e-11
4.368504e-08 2.105759e-11
4.412026e-08 2.076473e-11
4.455982e-08 2.047687e-11
4.500376e-08 2.019392e-11
4.545212e-08 1.991581e-11
4.590494e-08 1.964243e-11
4.636228e-08 1.937370e-11
4.682417e-08 1.910955e-11
4.729067e-08 1.884989e-11
4.776181e-08 1.859463e-11
4.823765e-08 1.834372e-11
4.871822e-08 1.809706e-11
4.920359e-08 1.785461e-11
4.969379e-08 1.761630e-11
5.018887e-08 1.738207e-11
5.068889e-08 1.715188e-11
5.119389e-08 1.692566e-11
5.170392e-08 1.670339e-11
5.221903e-08 1.648500e-11
5.273927e-08 1.627046e-11
5.326470e-08 1.605970e-11
5.379536e-08 1.585268e-11
5.433131e-08 1.564932e-11
5.487259e-08 1.544956e-11
5.541927e-08 1.525334e-11
5.597140e-08 1.506060e-11
5.652902e-08 1.487126e-11
5.709220e-08 1.468528e-11
5.766100e-08 1.450258e-11
5.823546e-08 1.432312e-11
5.881564e-08 1.414685e-11
5.940160e-08 1.397370e-11
5.999340e-08 1.380365e-11
6.059110e-08 1.363662e-11
6.119475e-08 1.347259e-11
6.180441e-08 1.331151e-11
6.242015e-08 1.315332e-11
6.304203e-08 1.299800e-11
6.367010e-08 1.284549e-11
6.430442e-08 1.269575e-11
6.494507e-08 1.254875e-11
6.559210e-08 1.240444e-11
6.624557e-08 1.226278e-11
6.690556e-08 1.212375e-11
6.757212e-08 1.198730e-11
6.824532e-08 1.185340e-11
6.892522e-08 1.172201e-11
6.961191e-08 1.159311e-11
7.030543e-08 1.146664e-11
7.100586e-08 1.134259e-11
7.171327e-08 1.122092e-11
7.242773e-08 1.110158e-11
7.314930e-08 1.098456e-11
7.387807e-08 1.086982e-11
7.461409e-08 1.075733e-11
7.535745e-08 1.064707e-11
7.610822e-08 1.053899e-11
7.686646e-08 1.043308e-11
7.763226e-08 1.032931e-11
7.840568e-08 1.022765e-11
7.918682e-08 1.012808e-11
7.997573e-08 1.003057e-11
8.077250e-08 9.935091e-12
8.157722e-08 9.841630e-12
8.238995e-08 9.750159e-12
8.321077e-08 9.660654e-12
8.403978e-08 9.573095e-12
8.487704e-08 9.487459e-12
8.572265e-08 9.403726e-12
8.657667e-08 9.321875e-12
8.743921e-08 9.241886e-12
8.831034e-08 9.163740e-12
8.919015e-08 9.087418e-12
9.007873e-08 9.012903e-12
9.097615e-08 8.940175e-12
9.188252e-08 8.869219e-12
9.279792e-08 8.800016e-12
9.372244e-08 8.732551e-12
9.465617e-08 8.666807e-12
9.559920e-08 8.602769e-12
9.655163e-08 8.540421e-12
9.751354e-08 8.479747e-12
9.848504e-08 8.420734e-12
9.946622e-08 8.363366e-12
1.004572e-07 8.307629e-12
1.014580e-07 8.253508e-12
1.024688e-07 8.200989e-12
1.034897e-07 8.150058e-12
1.045207e-07 8.100700e-12
1.055620e-07 8.052901e-12
1.066137e-07 8.006645e-12
1.076758e-07 7.961918e-12
1.087486e-07 7.918705e-12
1.098320e-07 7.876988e-12
1.109262e-07 7.836753e-12
1.120314e-07 7.797980e-12
1.131475e-07 7.760652e-12
1.142748e-07 7.724751e-12
1.154132e-07 7.690254e-12
1.165631e-07 7.657141e-12
1.177243e-07 7.625389e-12
1.188972e-07 7.594972e-12
1.200817e-07 7.565864e-12
1.212781e-07 7.538035e-12
1.224863e-07 7.511456e-12
1.237066e-07 7.486093e-12
1.249391e-07 7.461908e-12
1.261838e-07 7.438865e-12
1.274409e-07 7.416919e-12
1.287106e-07 7.396026e-12
1.299929e-07 7.376138e-12
1.312880e-07 7.357202e-12
1.325960e-07 7.339161e-12
1.339170e-07 7.321957e-12
1.352512e-07 7.305526e-12
1.365986e-07 7.289801e-12
1.379595e-07 7.274711e-12
1.393340e-07 7.260182e-12
1.407221e-07 7.246137e-12
1.421241e-07 7.232496e-12
1.435400e-07 7.219177e-12
1.449701e-07 7.206097e-12
1.464144e-07 7.193170e-12
1.478730e-07 7.180314e-12
1.493463e-07 7.167445e-12
1.508341e-07 7.154481e-12
1.523369e-07 7.141347e-12
1.538546e-07 7.127969e-12
1.553874e-07 7.114280e-12
1.569354e-07 7.100221e-12
1.584989e-07 7.085743e-12
1.600780e-07 7.070803e-12
1.616728e-07 7.055373e-12
1.632835e-07 7.039435e-12
1.649103e-07 7.022982e-12
1.665532e-07 7.006024e-12
1.682125e-07 6.988581e-12
1.698884e-07 6.970688e-12
1.715809e-07 6.952392e-12
1.732903e-07 6.933753e-12
1.750168e-07 6.914840e-12
1.767604e-07 6.895736e-12
1.785214e-07 6.876530e-12
1.803000e-07 6.857319e-12
1.820963e-07 6.838206e-12
1.839104e-07 6.819298e-12
1.857427e-07 6.800704e-12
1.875932e-07 6.782534e-12
1.894621e-07 6.764898e-12
1.913497e-07 6.747902e-12
1.932560e-07 6.731649e-12
1.951814e-07 6.716237e-12
1.971259e-07 6.701758e-12
1.990898e-07 6.688297e-12
2.010733e-07 6.675932e-12
2.030765e-07 6.664732e-12
2.050997e-07 6.654756e-12
2.071431e-07 6.646055e-12
2.092068e-07 6.638671e-12
2.112910e-07 6.632634e-12
2.133961e-07 6.627967e-12
2.155221e-07 6.624680e-12
2.176693e-07 6.622774e-12
2.198378e-07 6.622241e-12
2.220280e-07 6.623061e-12
2.242400e-07 6.625205e-12
2.264740e-07 6.628635e-12
2.287303e-07 6.633301e-12
2.310091e-07 6.639147e-12
2.333106e-07 6.646104e-12
2.356350e-07 6.654096e-12
2.379825e-07 6.663040e-12
2.403535e-07 6.672842e-12
2.427481e-07 6.683403e-12
2.451665e-07 6.694618e-12
2.476090e-07 6.706374e-12
2.500759e-07 6.718556e-12
2.525673e-07 6.731045e-12
2.550835e-07 6.743719e-12
2.576249e-07 6.756457e-12
2.601915e-07 6.769138e-12
2.627837e-07 6.781645e-12
2.654018e-07 6.793862e-12
2.680459e-07 6.805684e-12
2.707163e-07 6.817010e-12
2.734134e-07 6.827749e-12
2.761373e-07 6.837820e-12
2.788884e-07 6.847156e-12
2.816669e-07 6.855700e-12
2.844731e-07 6.863411e-12
2.873072e-07 6.870258e-12
2.901695e-07 6.876229e-12
2.930604e-07 6.881321e-12
2.959801e-07 6.885546e-12
2.989288e-07 6.888928e-12
3.019070e-07 6.891504e-12
3.049148e-07 6.893317e-12
3.079526e-07 6.894423e-12
3.110206e-07 6.894881e-12
3.141192e-07 6.894758e-12
3.172487e-07 6.894123e-12
3.204093e-07 6.893048e-12
3.236015e-07 6.891607e-12
3.268254e-07 6.889871e-12
3.300815e-07 6.887910e-12
3.333700e-07 6.885792e-12
3.366913e-07 6.883581e-12
3.400456e-07 6.881335e-12
3.434334e-07 6.879110e-12
3.468549e-07 6.876954e-12
3.503105e-07 6.874912e-12
3.538006e-07 6.873019e-12
3.573254e-07 6.871310e-12
3.608853e-07 6.869812e-12
3.644807e-07 6.868545e-12
3.681119e-07 6.867527e-12
3.717793e-07 6.866771e-12
3.754832e-07 6.866286e-12
3.792240e-07 6.866074e-12
3.830021e-07 6.866140e-12
3.868179e-07 6.866480e-12
3.906716e-07 6.867091e-12
3.945638e-07 6.867967e-12
3.984947e-07 6.869101e-12
4.024648e-07 6.870482e-12
4.064744e-07 6.872101e-12
4.105240e-07 6.873946e-12
4.146139e-07 6.876004e-12
4.187446e-07 6.878264e-12
4.229164e-07 6.880713e-12
4.271298e-07 6.883340e-12
4.313852e-07 6.886131e-12
4.356829e-07 6.889075e-12
4.400235e-07 6.892161e-12
4.444073e-07 6.895377e-12
4.488348e-07 6.898712e-12
4.533065e-07 6.902157e-12
4.578226e-07 6.905702e-12
4.623838e-07 6.909338e-12
4.669903e-07 6.913058e-12
4.716428e-07 6.916854e-12
4.763417e-07 6.920720e-12
4.810873e-07 6.924651e-12
4.858803e-07 6.928643e-12
4.907209e-07 6.932692e-12
4.956098e-07 6.936796e-12
5.005474e-07 6.940954e-12
5.055343e-07 6.945164e-12
5.105707e-07 6.949428e-12
5.156574e-07 6.953745e-12
5.207947e-07 6.958118e-12
5.259833e-07 6.962549e-12
5.312235e-07 6.967040e-12
5.365159e-07 6.971595e-12
5.418611e-07 6.976218e-12
5.472595e-07 6.980912e-12
5.527116e-07 6.985681e-12
5.582181e-07 6.990530e-12
5.637795e-07 6.995462e-12
5.693963e-07 7.000483e-12
5.750690e-07 7.005596e-12
5.807982e-07 7.010804e-12
5.865845e-07 7.016113e-12
5.924285e-07 7.021526e-12
5.983307e-07 7.027047e-12
6.042917e-07 7.032678e-12
6.103121e-07 7.038424e-12
6.163924e-07 7.044287e-12
6.225334e-07 7.050270e-12
6.287355e-07 7.056378e-12
6.349994e-07 7.062611e-12
6.413257e-07 7.068974e-12
6.477150e-07 7.075470e-12
6.541680e-07 7.082100e-12
6.606853e-07 7.088867e-12
6.672675e-07 7.095775e-12
6.739153e-07 7.102826e-12
6.806293e-07 7.110022e-12
6.874102e-07 7.117364e-12
6.942587e-07 7.124855e-12
7.011754e-07 7.132494e-12
7.081610e-07 7.140279e-12
7.152162e-07 7.148207e-12
7.223417e-07 7.156277e-12
7.295381e-07 7.164494e-12
7.368063e-07 7.172862e-12
7.441469e-07 7.181388e-12
7.515606e-07 7.190075e-12
7.590482e-07 7.198930e-12
7.666103e-07 7.207957e-12
7.742478e-07 7.217160e-12
7.819614e-07 7.226542e-12
7.897519e-07 7.236107e-12
7.976200e-07 7.245856e-12
8.055664e-07 7.255790e-12
8.135920e-07 7.265911e-12
8.216976e-07 7.276220e-12
8.298839e-07 7.286719e-12
8.381518e-07 7.297411e-12
8.465021e-07 7.308297e-12
8.549355e-07 7.319385e-12
8.634530e-07 7.330678e-12
8.720553e-07 7.342184e-12
8.807433e-07 7.353911e-12
8.895179e-07 7.365865e-12
8.983799e-07 7.378052e-12
9.073302e-07 7.390473e-12
9.163697e-07 7.403118e-12
9.254992e-07 7.415977e-12
9.347197e-07 7.429055e-12
9.440320e-07 7.442361e-12
9.534371e-07 7.455909e-12
9.629359e-07 7.469711e-12
9.725294e-07 7.483774e-12
9.822184e-07 7.498102e-12
9.920039e-07 7.512697e-12
1.001887e-06 7.527559e-12
1.011868e-06 7.542684e-12
1.021949e-06 7.558077e-12
1.032131e-06 7.573741e-12
1.042414e-06 7.589690e-12
1.052799e-06 7.605936e-12
1.063288e-06 7.622494e-12
1.073881e-06 7.639370e-12
1.084580e-06 7.656547e-12
1.095385e-06 7.674002e-12
1.106298e-06 7.691747e-12
1.117320e-06 7.709806e-12
1.128451e-06 7.728200e-12
1.139694e-06 7.746936e-12
1.151048e-06 7.766017e-12
1.162516e-06 7.785437e-12
1.174097e-06 7.805192e-12
1.185794e-06 7.825292e-12
1.197608e-06 7.845754e-12
1.209540e-06 7.866610e-12
1.221590e-06 7.887865e-12
1.233760e-06 7.909479e-12
1.246052e-06 7.931434e-12
1.258466e-06 7.953770e-12
1.271004e-06 7.976517e-12
1.283666e-06 7.999688e-12
1.296455e-06 8.023270e-12
1.309371e-06 8.047257e-12
1.322416e-06 8.071661e-12
1.335591e-06 8.096517e-12
1.348897e-06 8.121860e-12
1.362336e-06 8.147636e-12
1.375908e-06 8.173816e-12
1.389616e-06 8.200457e-12
1.403460e-06 8.227594e-12
1.417443e-06 8.255224e-12
1.431564e-06 8.283323e-12
1.445826e-06 8.311912e-12
1.460231e-06 8.341052e-12
1.474779e-06 8.370743e-12
1.489471e-06 8.400891e-12
1.504310e-06 8.431557e-12
1.519297e-06 8.462797e-12
1.534434e-06 8.494599e-12
1.549721e-06 8.526936e-12
1.565160e-06 8.559872e-12
1.580753e-06 8.593459e-12
1.596502e-06 8.627572e-12
1.612408e-06 8.662268e-12
1.628471e-06 8.697619e-12
1.644695e-06 8.733589e-12
1.661081e-06 8.770182e-12
1.677630e-06 8.807509e-12
1.694344e-06 8.845469e-12
1.711224e-06 8.884050e-12
1.728272e-06 8.923363e-12
1.745491e-06 8.963365e-12
1.762880e-06 9.004081e-12
1.780443e-06 9.045621e-12
1.798181e-06 9.087802e-12
1.816096e-06 9.130760e-12
1.834189e-06 9.174501e-12
1.852463e-06 9.219009e-12
1.870918e-06 9.264430e-12
1.889558e-06 9.310555e-12
1.908383e-06 9.357547e-12
1.927396e-06 9.405380e-12
1.946598e-06 9.454108e-12
1.965991e-06 9.503768e-12
1.985578e-06 9.554240e-12
2.005359e-06 9.605675e-12
2.025338e-06 9.658024e-12
2.045516e-06 9.711442e-12
2.065895e-06 9.765709e-12
2.086477e-06 9.821026e-12
2.107264e-06 9.877342e-12
2.128258e-06 9.934784e-12
2.149461e-06 9.993183e-12
2.170875e-06 1.005268e-11
2.192503e-06 1.011337e-11
2.214346e-06 1.017510e-11
2.236407e-06 1.023801e-11
2.258688e-06 1.030207e-11
2.281191e-06 1.036742e-11
2.303917e-06 1.043391e-11
2.326871e-06 1.050164e-11
2.350052e-06 1.057077e-11
2.373465e-06 1.064109e-11
2.397111e-06 1.071274e-11
2.420993e-06 1.078588e-11
2.445113e-06 1.086031e-11
2.469473e-06 1.093615e-11
2.494075e-06 1.101352e-11
2.518923e-06 1.109232e-11
2.544018e-06 1.117273e-11
2.569364e-06 1.125457e-11
2.594961e-06 1.133800e-11
2.620814e-06 1.142319e-11
2.646925e-06 1.150993e-11
2.673295e-06 1.159848e-11
2.699928e-06 1.168863e-11
2.726827e-06 1.178062e-11
2.753994e-06 1.187441e-11
2.781431e-06 1.197003e-11
2.809141e-06 1.206765e-11
2.837128e-06 1.216711e-11
2.865393e-06 1.226869e-11
2.893941e-06 1.237217e-11
2.922772e-06 1.247788e-11
2.951891e-06 1.258559e-11
2.981300e-06 1.269562e-11
3.011001e-06 1.280778e-11
3.040999e-06 1.292235e-11
3.071296e-06 1.303925e-11
3.101894e-06 1.315849e-11
3.132797e-06 1.328029e-11
3.164008e-06 1.340441e-11
3.195530e-06 1.353133e-11
3.227367e-06 1.366087e-11
3.259520e-06 1.379308e-11
3.291993e-06 1.392813e-11
3.324791e-06 1.406593e-11
3.357915e-06 1.420681e-11
3.391368e-06 1.435066e-11
3.425156e-06 1.449755e-11
3.459279e-06 1.464761e-11
3.493743e-06 1.480094e-11
3.528550e-06 1.495773e-11
3.563704e-06 1.511759e-11
3.599208e-06 1.528124e-11
3.635066e-06 1.544845e-11
3.671281e-06 1.561939e-11
3.707857e-06 1.579416e-11
3.744797e-06 1.597248e-11
3.782106e-06 1.615507e-11
3.819786e-06 1.634186e-11
3.857841e-06 1.653279e-11
3.896276e-06 1.672802e-11
3.935093e-06 1.692775e-11
3.974297e-06 1.713210e-11
4.013892e-06 1.734117e-11
4.053881e-06 1.755506e-11
4.094269e-06 1.777391e-11
4.135059e-06 1.799785e-11
4.176255e-06 1.822702e-11
4.217862e-06 1.846161e-11
4.259883e-06 1.870178e-11
4.302323e-06 1.894777e-11
4.345186e-06 1.919967e-11
4.388476e-06 1.945742e-11
4.432197e-06 1.972157e-11
4.476353e-06 1.999275e-11
4.520950e-06 2.026974e-11
4.565991e-06 2.055390e-11
4.611480e-06 2.084468e-11
4.657423e-06 2.114381e-11
4.703824e-06 2.144929e-11
4.750687e-06 2.176270e-11
4.798016e-06 2.208494e-11
4.845817e-06 2.241433e-11
4.894095e-06 2.275229e-11
4.942853e-06 2.309938e-11
4.992097e-06 2.345488e-11
5.041832e-06 2.382052e-11
5.092062e-06 2.419503e-11
5.142793e-06 2.458015e-11
5.194029e-06 2.497569e-11
5.245776e-06 2.538022e-11
5.298038e-06 2.579682e-11
5.350821e-06 2.622534e-11
5.404129e-06 2.666307e-11
5.457969e-06 2.711536e-11
5.512345e-06 2.757889e-11
5.567263e-06 2.805600e-11
5.622728e-06 2.854664e-11
5.678746e-06 2.905022e-11
5.735321e-06 2.956771e-11
5.792460e-06 3.010044e-11
5.850169e-06 3.064909e-11
5.908453e-06 3.121373e-11
5.967317e-06 3.179364e-11
6.026767e-06 3.239000e-11
6.086810e-06 3.300569e-11
6.147451e-06 3.363706e-11
6.208696e-06 3.429295e-11
6.270552e-06 3.496302e-11
6.333023e-06 3.565373e-11
6.396117e-06 3.637030e-11
6.459840e-06 3.710465e-11
6.524198e-06 3.786511e-11
6.589196e-06 3.864441e-11
6.654842e-06 3.945483e-11
6.721143e-06 4.029121e-11
6.788103e-06 4.114538e-11
6.855731e-06 4.203721e-11
6.924033e-06 4.295561e-11
6.993015e-06 4.390228e-11
7.062684e-06 4.488167e-11
7.133048e-06 4.589480e-11
7.204112e-06 4.694395e-11
7.275884e-06 4.802849e-11
7.348372e-06 4.914220e-11
7.421582e-06 5.031618e-11
7.495521e-06 5.151219e-11
7.570196e-06 5.275010e-11
7.645616e-06 5.404773e-11
7.721787e-06 5.537925e-11
7.798717e-06 5.677874e-11
7.876413e-06 5.822688e-11
7.954883e-06 5.970863e-11
8.034135e-06 6.126302e-11
8.114177e-06 6.288880e-11
8.195016e-06 6.457046e-11
8.276661e-06 6.631006e-11
8.359119e-06 6.811786e-11
8.442398e-06 7.004817e-11
8.526507e-06 7.200368e-11
8.611454e-06 7.404328e-11
8.697247e-06 7.620925e-11
8.783896e-06 7.844210e-11
8.871407e-06 8.082566e-11
8.959790e-06 8.325109e-11
9.049054e-06 8.584178e-11
9.139207e-06 8.854414e-11
9.230258e-06 9.134578e-11
9.322216e-06 9.428607e-11
9.415091e-06 9.742217e-11
9.508890e-06 1.007070e-10
9.603625e-06 1.041327e-10
9.699303e-06 1.077855e-10
9.795934e-06 1.114695e-10
9.893528e-06 1.156150e-10
9.992094e-06 1.198691e-10
1.009164e-05 1.243804e-10
1.019218e-05 1.290001e-10
1.029372e-05 1.342164e-10
1.039628e-05 1.395024e-10
1.049985e-05 1.452556e-10
1.060446e-05 1.512292e-10
1.071011e-05 1.577868e-10
1.081681e-05 1.646051e-10
1.092457e-05 1.721219e-10
1.103341e-05 1.796092e-10
1.114334e-05 1.884761e-10
1.125435e-05 1.974434e-10
1.136648e-05 2.068785e-10
1.147972e-05 2.178240e-10
1.159409e-05 2.292753e-10
1.170960e-05 2.408962e-10
1.182625e-05 2.550844e-10
1.194408e-05 2.697074e-10
1.206307e-05 2.844152e-10
1.218325e-05 3.026138e-10
1.230463e-05 3.213866e-10
1.242722e-05 3.407853e-10
1.255103e-05 3.648144e-10
1.267607e-05 3.895838e-10
1.280236e-05 4.132882e-10
1.292990e-05 4.434427e-10
1.305872e-05 4.765901e-10
1.318882e-05 5.137705e-10
1.332022e-05 5.531935e-10
1.345292e-05 6.056206e-10
1.358695e-05 6.549445e-10
1.372231e-05 7.143859e-10
1.385902e-05 7.851831e-10
1.399710e-05 8.470209e-10
1.413654e-05 9.464459e-10
1.427738e-05 1.028121e-09
1.441962e-05 1.151033e-09
1.456328e-05 1.277547e-09
1.470837e-05 1.397239e-09
1.485491e-05 1.604428e-09
1.500290e-05 1.718062e-09
1.515237e-05 2.035146e-09
1.530333e-05 2.227450e-09
1.545579e-05 2.464218e-09
1.560977e-05 2.858931e-09
1.576529e-05 2.965539e-09
1.592235e-05 3.580292e-09
1.608098e-05 3.538344e-09
1.624119e-05 4.847963e-09
1.640300e-05 5.321428e-09
1.656642e-05 4.944279e-09
1.673146e-05 5.910322e-09
1.689816e-05 6.290035e-09
1.706651e-05 7.845247e-09
1.723654e-05 7.535223e-09
1.740826e-05 8.370115e-09
1.758169e-05 1.007647e-08
1.775685e-05 1.186190e-08
1.793376e-05 1.750199e-08
1.811243e-05 1.799381e-08
1.829288e-05 1.457673e-08
1.847512e-05 1.496726e-08
1.865918e-05 1.579773e-08
1.884508e-05 1.863341e-08
1.903283e-05 1.937813e-08
1.922245e-05 1.931331e-08
1.941395e-05 1.875905e-08
1.960737e-05 1.958272e-08
1.980271e-05 2.089774e-08
2.000000e-05 2.051369e-08
