# Counting axions with IAXO (arXiv:2606.XXXXX) by B. Grinstein, C. Miro and P. Quilez
# g_disc for 2 axions in the quasi-degenerate scenario from solar axions: experiment IAXO, energy resolution 100 eV, mixing angle pi/4
# sqrt(Delta_m21^2) [eV]    g_IAXO [GeV^-1]    (varphi = pi/4, w_res = 100 eV)
1.000000e-09 3.318506e-08
1.009963e-09 3.253359e-08
1.020025e-09 3.189490e-08
1.030187e-09 3.126876e-08
1.040450e-09 3.065490e-08
1.050816e-09 3.005310e-08
1.061285e-09 2.946311e-08
1.071858e-09 2.888471e-08
1.082537e-09 2.831766e-08
1.093322e-09 2.776174e-08
1.104214e-09 2.721673e-08
1.115215e-09 2.668243e-08
1.126326e-09 2.615861e-08
1.137547e-09 2.564508e-08
1.148880e-09 2.514163e-08
1.160326e-09 2.464806e-08
1.171886e-09 2.416418e-08
1.183561e-09 2.368980e-08
1.195353e-09 2.322473e-08
1.207262e-09 2.276880e-08
1.219289e-09 2.232181e-08
1.231437e-09 2.188360e-08
1.243705e-09 2.145399e-08
1.256096e-09 2.103282e-08
1.268610e-09 2.061991e-08
1.281249e-09 2.021511e-08
1.294013e-09 1.981826e-08
1.306905e-09 1.942920e-08
1.319925e-09 1.904777e-08
1.333075e-09 1.867384e-08
1.346356e-09 1.830724e-08
1.359770e-09 1.794784e-08
1.373317e-09 1.759550e-08
1.386999e-09 1.725007e-08
1.400817e-09 1.691143e-08
1.414773e-09 1.657943e-08
1.428868e-09 1.625396e-08
1.443103e-09 1.593487e-08
1.457480e-09 1.562204e-08
1.472001e-09 1.531536e-08
1.486666e-09 1.501469e-08
1.501477e-09 1.471993e-08
1.516436e-09 1.443096e-08
1.531544e-09 1.414766e-08
1.546802e-09 1.386992e-08
1.562212e-09 1.359763e-08
1.577776e-09 1.333069e-08
1.593495e-09 1.306899e-08
1.609371e-09 1.281243e-08
1.625404e-09 1.256090e-08
1.641598e-09 1.231431e-08
1.657953e-09 1.207257e-08
1.674470e-09 1.183557e-08
1.691153e-09 1.160322e-08
1.708001e-09 1.137543e-08
1.725017e-09 1.115211e-08
1.742203e-09 1.093318e-08
1.759560e-09 1.071855e-08
1.777090e-09 1.050813e-08
1.794795e-09 1.030184e-08
1.812676e-09 1.009960e-08
1.830735e-09 9.901332e-09
1.848974e-09 9.706955e-09
1.867395e-09 9.516395e-09
1.885999e-09 9.329575e-09
1.904789e-09 9.146423e-09
1.923765e-09 8.966867e-09
1.942931e-09 8.790836e-09
1.962288e-09 8.618260e-09
1.981838e-09 8.449072e-09
2.001582e-09 8.283206e-09
2.021524e-09 8.120596e-09
2.041663e-09 7.961179e-09
2.062004e-09 7.804891e-09
2.082547e-09 7.651671e-09
2.103295e-09 7.501460e-09
2.124249e-09 7.354197e-09
2.145413e-09 7.209825e-09
2.166787e-09 7.068288e-09
2.188374e-09 6.929529e-09
2.210176e-09 6.793495e-09
2.232195e-09 6.660131e-09
2.254434e-09 6.529385e-09
2.276894e-09 6.401206e-09
2.299578e-09 6.275543e-09
2.322488e-09 6.152348e-09
2.345626e-09 6.031571e-09
2.368995e-09 5.913165e-09
2.392597e-09 5.797083e-09
2.416433e-09 5.683281e-09
2.440508e-09 5.571713e-09
2.464822e-09 5.462335e-09
2.489378e-09 5.355104e-09
2.514179e-09 5.249979e-09
2.539227e-09 5.146917e-09
2.564525e-09 5.045879e-09
2.590074e-09 4.946824e-09
2.615878e-09 4.849714e-09
2.641939e-09 4.754511e-09
2.668260e-09 4.661176e-09
2.694843e-09 4.569674e-09
2.721691e-09 4.479968e-09
2.748807e-09 4.392024e-09
2.776192e-09 4.305806e-09
2.803851e-09 4.221281e-09
2.831785e-09 4.138415e-09
2.859997e-09 4.057176e-09
2.888490e-09 3.977532e-09
2.917267e-09 3.899452e-09
2.946331e-09 3.822904e-09
2.975685e-09 3.747860e-09
3.005330e-09 3.674288e-09
3.035272e-09 3.602162e-09
3.065511e-09 3.531451e-09
3.096052e-09 3.462128e-09
3.126897e-09 3.394167e-09
3.158049e-09 3.327540e-09
3.189512e-09 3.262221e-09
3.221288e-09 3.198184e-09
3.253381e-09 3.135404e-09
3.285793e-09 3.073858e-09
3.318529e-09 3.013519e-09
3.351590e-09 2.954365e-09
3.384981e-09 2.896373e-09
3.418705e-09 2.839519e-09
3.452764e-09 2.783782e-09
3.487163e-09 2.729139e-09
3.521905e-09 2.675568e-09
3.556992e-09 2.623050e-09
3.592430e-09 2.571562e-09
3.628220e-09 2.521086e-09
3.664367e-09 2.471601e-09
3.700874e-09 2.423087e-09
3.737744e-09 2.375526e-09
3.774982e-09 2.328898e-09
3.812591e-09 2.283187e-09
3.850575e-09 2.238372e-09
3.888937e-09 2.194438e-09
3.927682e-09 2.151366e-09
3.966812e-09 2.109140e-09
4.006332e-09 2.067744e-09
4.046246e-09 2.027160e-09
4.086558e-09 1.987373e-09
4.127271e-09 1.948367e-09
4.168389e-09 1.910127e-09
4.209918e-09 1.872638e-09
4.251860e-09 1.835886e-09
4.294220e-09 1.799855e-09
4.337002e-09 1.764531e-09
4.380210e-09 1.729901e-09
4.423849e-09 1.695951e-09
4.467923e-09 1.662668e-09
4.512435e-09 1.630039e-09
4.557391e-09 1.598050e-09
4.602795e-09 1.566690e-09
4.648651e-09 1.535945e-09
4.694964e-09 1.505804e-09
4.741739e-09 1.476256e-09
4.788980e-09 1.447287e-09
4.836691e-09 1.418888e-09
4.884877e-09 1.391046e-09
4.933544e-09 1.363751e-09
4.982695e-09 1.336992e-09
5.032336e-09 1.310759e-09
5.082472e-09 1.285041e-09
5.133107e-09 1.259828e-09
5.184247e-09 1.235111e-09
5.235896e-09 1.210879e-09
5.288060e-09 1.187123e-09
5.340743e-09 1.163834e-09
5.393951e-09 1.141002e-09
5.447689e-09 1.118619e-09
5.501963e-09 1.096675e-09
5.556778e-09 1.075163e-09
5.612138e-09 1.054073e-09
5.668050e-09 1.033398e-09
5.724519e-09 1.013129e-09
5.781551e-09 9.932581e-10
5.839151e-09 9.737778e-10
5.897324e-09 9.546802e-10
5.956078e-09 9.359580e-10
6.015416e-09 9.176037e-10
6.075346e-09 8.996101e-10
6.135873e-09 8.819701e-10
6.197003e-09 8.646769e-10
6.258742e-09 8.477235e-10
6.321096e-09 8.311035e-10
6.384071e-09 8.148101e-10
6.447674e-09 7.988370e-10
6.511910e-09 7.831780e-10
6.576786e-09 7.678268e-10
6.642309e-09 7.527775e-10
6.708484e-09 7.380240e-10
6.775319e-09 7.235607e-10
6.842819e-09 7.093819e-10
6.910992e-09 6.954819e-10
6.979844e-09 6.818552e-10
7.049382e-09 6.684966e-10
7.119613e-09 6.554008e-10
7.190544e-09 6.425627e-10
7.262181e-09 6.299771e-10
7.334532e-09 6.176391e-10
7.407604e-09 6.055440e-10
7.481403e-09 5.936868e-10
7.555938e-09 5.820631e-10
7.631216e-09 5.706681e-10
7.707243e-09 5.594975e-10
7.784028e-09 5.485467e-10
7.861578e-09 5.378116e-10
7.939901e-09 5.272879e-10
8.019004e-09 5.169714e-10
8.098895e-09 5.068582e-10
8.179582e-09 4.969441e-10
8.261072e-09 4.872254e-10
8.343375e-09 4.776982e-10
8.426497e-09 4.683587e-10
8.510448e-09 4.592034e-10
8.595235e-09 4.502285e-10
8.680867e-09 4.414305e-10
8.767352e-09 4.328060e-10
8.854698e-09 4.243516e-10
8.942915e-09 4.160640e-10
9.032011e-09 4.079399e-10
9.121994e-09 3.999761e-10
9.212874e-09 3.921695e-10
9.304659e-09 3.845170e-10
9.397358e-09 3.770155e-10
9.490981e-09 3.696622e-10
9.585537e-09 3.624541e-10
9.681035e-09 3.553885e-10
9.777484e-09 3.484624e-10
9.874894e-09 3.416733e-10
9.973275e-09 3.350183e-10
1.007264e-08 3.284950e-10
1.017299e-08 3.221007e-10
1.027434e-08 3.158329e-10
1.037670e-08 3.096891e-10
1.048008e-08 3.036669e-10
1.058449e-08 2.977640e-10
1.068994e-08 2.919780e-10
1.079644e-08 2.863066e-10
1.090400e-08 2.807475e-10
1.101263e-08 2.752987e-10
1.112235e-08 2.699579e-10
1.123316e-08 2.647230e-10
1.134507e-08 2.595920e-10
1.145810e-08 2.545629e-10
1.157225e-08 2.496335e-10
1.168754e-08 2.448021e-10
1.180398e-08 2.400666e-10
1.192158e-08 2.354252e-10
1.204035e-08 2.308761e-10
1.216031e-08 2.264174e-10
1.228146e-08 2.220475e-10
1.240381e-08 2.177644e-10
1.252739e-08 2.135667e-10
1.265219e-08 2.094525e-10
1.277824e-08 2.054202e-10
1.290555e-08 2.014683e-10
1.303412e-08 1.975951e-10
1.316398e-08 1.937991e-10
1.329513e-08 1.900788e-10
1.342758e-08 1.864328e-10
1.356136e-08 1.828594e-10
1.369647e-08 1.793574e-10
1.383292e-08 1.759253e-10
1.397073e-08 1.725617e-10
1.410992e-08 1.692653e-10
1.425049e-08 1.660347e-10
1.439247e-08 1.628686e-10
1.453585e-08 1.597658e-10
1.468067e-08 1.567250e-10
1.482693e-08 1.537449e-10
1.497465e-08 1.508244e-10
1.512383e-08 1.479622e-10
1.527451e-08 1.451572e-10
1.542668e-08 1.424083e-10
1.558037e-08 1.397142e-10
1.573560e-08 1.370740e-10
1.589237e-08 1.344864e-10
1.605070e-08 1.319506e-10
1.621061e-08 1.294653e-10
1.637211e-08 1.270295e-10
1.653522e-08 1.246423e-10
1.669995e-08 1.223027e-10
1.686633e-08 1.200096e-10
1.703436e-08 1.177622e-10
1.720407e-08 1.155594e-10
1.737547e-08 1.134004e-10
1.754858e-08 1.112842e-10
1.772341e-08 1.092099e-10
1.789998e-08 1.071767e-10
1.807831e-08 1.051837e-10
1.825842e-08 1.032301e-10
1.844033e-08 1.013150e-10
1.862404e-08 9.943763e-11
1.880959e-08 9.759716e-11
1.899698e-08 9.579284e-11
1.918624e-08 9.402388e-11
1.937739e-08 9.228955e-11
1.957044e-08 9.058910e-11
1.976541e-08 8.892182e-11
1.996233e-08 8.728701e-11
2.016121e-08 8.568397e-11
2.036207e-08 8.411205e-11
2.056493e-08 8.257057e-11
2.076981e-08 8.105891e-11
2.097674e-08 7.957644e-11
2.118572e-08 7.812256e-11
2.139679e-08 7.669667e-11
2.160996e-08 7.529820e-11
2.182525e-08 7.392660e-11
2.204269e-08 7.258131e-11
2.226230e-08 7.126182e-11
2.248409e-08 6.996762e-11
2.270809e-08 6.869820e-11
2.293433e-08 6.745310e-11
2.316281e-08 6.623184e-11
2.339358e-08 6.503399e-11
2.362664e-08 6.385909e-11
2.386203e-08 6.270675e-11
2.409976e-08 6.157653e-11
2.433985e-08 6.046806e-11
2.458235e-08 5.938095e-11
2.482725e-08 5.831483e-11
2.507460e-08 5.726933e-11
2.532441e-08 5.624412e-11
2.557671e-08 5.523884e-11
2.583152e-08 5.425318e-11
2.608887e-08 5.328680e-11
2.634879e-08 5.233938e-11
2.661129e-08 5.141063e-11
2.687641e-08 5.050022e-11
2.714418e-08 4.960787e-11
2.741461e-08 4.873327e-11
2.768773e-08 4.787614e-11
2.796357e-08 4.703617e-11
2.824217e-08 4.621309e-11
2.852353e-08 4.540661e-11
2.880771e-08 4.461644e-11
2.909471e-08 4.384230e-11
2.938457e-08 4.308391e-11
2.967732e-08 4.234098e-11
2.997299e-08 4.161322e-11
3.027160e-08 4.090037e-11
3.057319e-08 4.020213e-11
3.087778e-08 3.951822e-11
3.118540e-08 3.884837e-11
3.149609e-08 3.819228e-11
3.180988e-08 3.754969e-11
3.212679e-08 3.692031e-11
3.244686e-08 3.630386e-11
3.277012e-08 3.570006e-11
3.309660e-08 3.510863e-11
3.342633e-08 3.452931e-11
3.375935e-08 3.396180e-11
3.409568e-08 3.340585e-11
3.443537e-08 3.286118e-11
3.477844e-08 3.232752e-11
3.512492e-08 3.180461e-11
3.547486e-08 3.129217e-11
3.582829e-08 3.078996e-11
3.618523e-08 3.029772e-11
3.654574e-08 2.981519e-11
3.690983e-08 2.934212e-11
3.727755e-08 2.887828e-11
3.764894e-08 2.842342e-11
3.802402e-08 2.797731e-11
3.840285e-08 2.753973e-11
3.878544e-08 2.711046e-11
3.917185e-08 2.668929e-11
3.956211e-08 2.627601e-11
3.995625e-08 2.587044e-11
4.035432e-08 2.547238e-11
4.075636e-08 2.508165e-11
4.116241e-08 2.469810e-11
4.157249e-08 2.432155e-11
4.198667e-08 2.395187e-11
4.240497e-08 2.358892e-11
4.282744e-08 2.323256e-11
4.325411e-08 2.288267e-11
4.368504e-08 2.253914e-11
4.412026e-08 2.220187e-11
4.455982e-08 2.187076e-11
4.500376e-08 2.154571e-11
4.545212e-08 2.122665e-11
4.590494e-08 2.091349e-11
4.636228e-08 2.060615e-11
4.682417e-08 2.030457e-11
4.729067e-08 2.000866e-11
4.776181e-08 1.971836e-11
4.823765e-08 1.943359e-11
4.871822e-08 1.915428e-11
4.920359e-08 1.888035e-11
4.969379e-08 1.861172e-11
5.018887e-08 1.834831e-11
5.068889e-08 1.809003e-11
5.119389e-08 1.783679e-11
5.170392e-08 1.758849e-11
5.221903e-08 1.734504e-11
5.273927e-08 1.710633e-11
5.326470e-08 1.687226e-11
5.379536e-08 1.664272e-11
5.433131e-08 1.641761e-11
5.487259e-08 1.619682e-11
5.541927e-08 1.598025e-11
5.597140e-08 1.576779e-11
5.652902e-08 1.555934e-11
5.709220e-08 1.535482e-11
5.766100e-08 1.515413e-11
5.823546e-08 1.495719e-11
5.881564e-08 1.476392e-11
5.940160e-08 1.457425e-11
5.999340e-08 1.438813e-11
6.059110e-08 1.420548e-11
6.119475e-08 1.402625e-11
6.180441e-08 1.385040e-11
6.242015e-08 1.367788e-11
6.304203e-08 1.350864e-11
6.367010e-08 1.334263e-11
6.430442e-08 1.317982e-11
6.494507e-08 1.302017e-11
6.559210e-08 1.286363e-11
6.624557e-08 1.271016e-11
6.690556e-08 1.255972e-11
6.757212e-08 1.241227e-11
6.824532e-08 1.226775e-11
6.892522e-08 1.212613e-11
6.961191e-08 1.198735e-11
7.030543e-08 1.185137e-11
7.100586e-08 1.171814e-11
7.171327e-08 1.158761e-11
7.242773e-08 1.145974e-11
7.314930e-08 1.133449e-11
7.387807e-08 1.121180e-11
7.461409e-08 1.109164e-11
7.535745e-08 1.097396e-11
7.610822e-08 1.085873e-11
7.686646e-08 1.074590e-11
7.763226e-08 1.063544e-11
7.840568e-08 1.052732e-11
7.918682e-08 1.042150e-11
7.997573e-08 1.031796e-11
8.077250e-08 1.021665e-11
8.157722e-08 1.011755e-11
8.238995e-08 1.002064e-11
8.321077e-08 9.925890e-12
8.403978e-08 9.833267e-12
8.487704e-08 9.742749e-12
8.572265e-08 9.654310e-12
8.657667e-08 9.567925e-12
8.743921e-08 9.483572e-12
8.831034e-08 9.401228e-12
8.919015e-08 9.320870e-12
9.007873e-08 9.242476e-12
9.097615e-08 9.166023e-12
9.188252e-08 9.091492e-12
9.279792e-08 9.018863e-12
9.372244e-08 8.948116e-12
9.465617e-08 8.879232e-12
9.559920e-08 8.812190e-12
9.655163e-08 8.746973e-12
9.751354e-08 8.683564e-12
9.848504e-08 8.621945e-12
9.946622e-08 8.562098e-12
1.004572e-07 8.504005e-12
1.014580e-07 8.447651e-12
1.024688e-07 8.393020e-12
1.034897e-07 8.340097e-12
1.045207e-07 8.288864e-12
1.055620e-07 8.239309e-12
1.066137e-07 8.191415e-12
1.076758e-07 8.145168e-12
1.087486e-07 8.100552e-12
1.098320e-07 8.057552e-12
1.109262e-07 8.016151e-12
1.120314e-07 7.976332e-12
1.131475e-07 7.938075e-12
1.142748e-07 7.901363e-12
1.154132e-07 7.866173e-12
1.165631e-07 7.832482e-12
1.177243e-07 7.800267e-12
1.188972e-07 7.769503e-12
1.200817e-07 7.740162e-12
1.212781e-07 7.712217e-12
1.224863e-07 7.685634e-12
1.237066e-07 7.660383e-12
1.249391e-07 7.636428e-12
1.261838e-07 7.613728e-12
1.274409e-07 7.592242e-12
1.287106e-07 7.571923e-12
1.299929e-07 7.552721e-12
1.312880e-07 7.534581e-12
1.325960e-07 7.517444e-12
1.339170e-07 7.501246e-12
1.352512e-07 7.485922e-12
1.365986e-07 7.471399e-12
1.379595e-07 7.457603e-12
1.393340e-07 7.444455e-12
1.407221e-07 7.431873e-12
1.421241e-07 7.419770e-12
1.435400e-07 7.408058e-12
1.449701e-07 7.396644e-12
1.464144e-07 7.385434e-12
1.478730e-07 7.374332e-12
1.493463e-07 7.363246e-12
1.508341e-07 7.352082e-12
1.523369e-07 7.340752e-12
1.538546e-07 7.329174e-12
1.553874e-07 7.317270e-12
1.569354e-07 7.304974e-12
1.584989e-07 7.292226e-12
1.600780e-07 7.278978e-12
1.616728e-07 7.265194e-12
1.632835e-07 7.250851e-12
1.649103e-07 7.235939e-12
1.665532e-07 7.220462e-12
1.682125e-07 7.204443e-12
1.698884e-07 7.187917e-12
1.715809e-07 7.170938e-12
1.732903e-07 7.153571e-12
1.750168e-07 7.135898e-12
1.767604e-07 7.118013e-12
1.785214e-07 7.100021e-12
1.803000e-07 7.082033e-12
1.820963e-07 7.064172e-12
1.839104e-07 7.046562e-12
1.857427e-07 7.029331e-12
1.875932e-07 7.012607e-12
1.894621e-07 6.996522e-12
1.913497e-07 6.981204e-12
1.932560e-07 6.966776e-12
1.951814e-07 6.953358e-12
1.971259e-07 6.941067e-12
1.990898e-07 6.930011e-12
2.010733e-07 6.920288e-12
2.030765e-07 6.911991e-12
2.050997e-07 6.905200e-12
2.071431e-07 6.899984e-12
2.092068e-07 6.896407e-12
2.112910e-07 6.894519e-12
2.133961e-07 6.894361e-12
2.155221e-07 6.895966e-12
2.176693e-07 6.899353e-12
2.198378e-07 6.904532e-12
2.220280e-07 6.911505e-12
2.242400e-07 6.920253e-12
2.264740e-07 6.930758e-12
2.287303e-07 6.942981e-12
2.310091e-07 6.956878e-12
2.333106e-07 6.972392e-12
2.356350e-07 6.989454e-12
2.379825e-07 7.007988e-12
2.403535e-07 7.027900e-12
2.427481e-07 7.049093e-12
2.451665e-07 7.071453e-12
2.476090e-07 7.094863e-12
2.500759e-07 7.119188e-12
2.525673e-07 7.144294e-12
2.550835e-07 7.170036e-12
2.576249e-07 7.196263e-12
2.601915e-07 7.222819e-12
2.627837e-07 7.249554e-12
2.654018e-07 7.276305e-12
2.680459e-07 7.302922e-12
2.707163e-07 7.329256e-12
2.734134e-07 7.355164e-12
2.761373e-07 7.380513e-12
2.788884e-07 7.405185e-12
2.816669e-07 7.429069e-12
2.844731e-07 7.452076e-12
2.873072e-07 7.474134e-12
2.901695e-07 7.495185e-12
2.930604e-07 7.515199e-12
2.959801e-07 7.534154e-12
2.989288e-07 7.552059e-12
3.019070e-07 7.568934e-12
3.049148e-07 7.584817e-12
3.079526e-07 7.599771e-12
3.110206e-07 7.613858e-12
3.141192e-07 7.627171e-12
3.172487e-07 7.639789e-12
3.204093e-07 7.651827e-12
3.236015e-07 7.663377e-12
3.268254e-07 7.674558e-12
3.300815e-07 7.685469e-12
3.333700e-07 7.696228e-12
3.366913e-07 7.706930e-12
3.400456e-07 7.717687e-12
3.434334e-07 7.728582e-12
3.468549e-07 7.739718e-12
3.503105e-07 7.751166e-12
3.538006e-07 7.763005e-12
3.573254e-07 7.775307e-12
3.608853e-07 7.788119e-12
3.644807e-07 7.801508e-12
3.681119e-07 7.815506e-12
3.717793e-07 7.830156e-12
3.754832e-07 7.845488e-12
3.792240e-07 7.861529e-12
3.830021e-07 7.878288e-12
3.868179e-07 7.895793e-12
3.906716e-07 7.914043e-12
3.945638e-07 7.933050e-12
3.984947e-07 7.952805e-12
4.024648e-07 7.973323e-12
4.064744e-07 7.994584e-12
4.105240e-07 8.016590e-12
4.146139e-07 8.039326e-12
4.187446e-07 8.062783e-12
4.229164e-07 8.086960e-12
4.271298e-07 8.111829e-12
4.313852e-07 8.137391e-12
4.356829e-07 8.163626e-12
4.400235e-07 8.190520e-12
4.444073e-07 8.218063e-12
4.488348e-07 8.246242e-12
4.533065e-07 8.275035e-12
4.578226e-07 8.304440e-12
4.623838e-07 8.334442e-12
4.669903e-07 8.365020e-12
4.716428e-07 8.396174e-12
4.763417e-07 8.427890e-12
4.810873e-07 8.460166e-12
4.858803e-07 8.492988e-12
4.907209e-07 8.526347e-12
4.956098e-07 8.560258e-12
5.005474e-07 8.594705e-12
5.055343e-07 8.629696e-12
5.105707e-07 8.665238e-12
5.156574e-07 8.701326e-12
5.207947e-07 8.737972e-12
5.259833e-07 8.775188e-12
5.312235e-07 8.812989e-12
5.365159e-07 8.851376e-12
5.418611e-07 8.890369e-12
5.472595e-07 8.929995e-12
5.527116e-07 8.970259e-12
5.582181e-07 9.011183e-12
5.637795e-07 9.052786e-12
5.693963e-07 9.095083e-12
5.750690e-07 9.138100e-12
5.807982e-07 9.181862e-12
5.865845e-07 9.226389e-12
5.924285e-07 9.271694e-12
5.983307e-07 9.317804e-12
6.042917e-07 9.364747e-12
6.103121e-07 9.412534e-12
6.163924e-07 9.461188e-12
6.225334e-07 9.510736e-12
6.287355e-07 9.561197e-12
6.349994e-07 9.612593e-12
6.413257e-07 9.664957e-12
6.477150e-07 9.718308e-12
6.541680e-07 9.772665e-12
6.606853e-07 9.828053e-12
6.672675e-07 9.884501e-12
6.739153e-07 9.942027e-12
6.806293e-07 1.000066e-11
6.874102e-07 1.006043e-11
6.942587e-07 1.012133e-11
7.011754e-07 1.018339e-11
7.081610e-07 1.024660e-11
7.152162e-07 1.031094e-11
7.223417e-07 1.037644e-11
7.295381e-07 1.044311e-11
7.368063e-07 1.051099e-11
7.441469e-07 1.058012e-11
7.515606e-07 1.065056e-11
7.590482e-07 1.072233e-11
7.666103e-07 1.079550e-11
7.742478e-07 1.087010e-11
7.819614e-07 1.094615e-11
7.897519e-07 1.102371e-11
7.976200e-07 1.110277e-11
8.055664e-07 1.118338e-11
8.135920e-07 1.126557e-11
8.216976e-07 1.134932e-11
8.298839e-07 1.143468e-11
8.381518e-07 1.152164e-11
8.465021e-07 1.161029e-11
8.549355e-07 1.170063e-11
8.634530e-07 1.179273e-11
8.720553e-07 1.188670e-11
8.807433e-07 1.198261e-11
8.895179e-07 1.208056e-11
8.983799e-07 1.218062e-11
9.073302e-07 1.228280e-11
9.163697e-07 1.238699e-11
9.254992e-07 1.249304e-11
9.347197e-07 1.260097e-11
9.440320e-07 1.271097e-11
9.534371e-07 1.282316e-11
9.629359e-07 1.293774e-11
9.725294e-07 1.305478e-11
9.822184e-07 1.317440e-11
9.920039e-07 1.329659e-11
1.001887e-06 1.342133e-11
1.011868e-06 1.354857e-11
1.021949e-06 1.367830e-11
1.032131e-06 1.381067e-11
1.042414e-06 1.394579e-11
1.052799e-06 1.408402e-11
1.063288e-06 1.422562e-11
1.073881e-06 1.437071e-11
1.084580e-06 1.451883e-11
1.095385e-06 1.466935e-11
1.106298e-06 1.482260e-11
1.117320e-06 1.497907e-11
1.128451e-06 1.513923e-11
1.139694e-06 1.530329e-11
1.151048e-06 1.547117e-11
1.162516e-06 1.564269e-11
1.174097e-06 1.581759e-11
1.185794e-06 1.599613e-11
1.197608e-06 1.617884e-11
1.209540e-06 1.636679e-11
1.221590e-06 1.656008e-11
1.233760e-06 1.675678e-11
1.246052e-06 1.695634e-11
1.258466e-06 1.716010e-11
1.271004e-06 1.736924e-11
1.283666e-06 1.758407e-11
1.296455e-06 1.780380e-11
1.309371e-06 1.802788e-11
1.322416e-06 1.825661e-11
1.335591e-06 1.849217e-11
1.348897e-06 1.873617e-11
1.362336e-06 1.898447e-11
1.375908e-06 1.923554e-11
1.389616e-06 1.949256e-11
1.403460e-06 1.975773e-11
1.417443e-06 2.002986e-11
1.431564e-06 2.030686e-11
1.445826e-06 2.058994e-11
1.460231e-06 2.088448e-11
1.474779e-06 2.118863e-11
1.489471e-06 2.149373e-11
1.504310e-06 2.180551e-11
1.519297e-06 2.212868e-11
1.534434e-06 2.245989e-11
1.549721e-06 2.279589e-11
1.565160e-06 2.314427e-11
1.580753e-06 2.350980e-11
1.596502e-06 2.387421e-11
1.612408e-06 2.424613e-11
1.628471e-06 2.463377e-11
1.644695e-06 2.502833e-11
1.661081e-06 2.543023e-11
1.677630e-06 2.585917e-11
1.694344e-06 2.628955e-11
1.711224e-06 2.672330e-11
1.728272e-06 2.717892e-11
1.745491e-06 2.763969e-11
1.762880e-06 2.811507e-11
1.780443e-06 2.862470e-11
1.798181e-06 2.912013e-11
1.816096e-06 2.963984e-11
1.834189e-06 3.017259e-11
1.852463e-06 3.071381e-11
1.870918e-06 3.130569e-11
1.889558e-06 3.187296e-11
1.908383e-06 3.247611e-11
1.927396e-06 3.308195e-11
1.946598e-06 3.372795e-11
1.965991e-06 3.439389e-11
1.985578e-06 3.505534e-11
2.005359e-06 3.575154e-11
2.025338e-06 3.645578e-11
2.045516e-06 3.722888e-11
2.065895e-06 3.796763e-11
2.086477e-06 3.875506e-11
2.107264e-06 3.955930e-11
2.128258e-06 4.042085e-11
2.149461e-06 4.127404e-11
2.170875e-06 4.213520e-11
2.192503e-06 4.312066e-11
2.214346e-06 4.402726e-11
2.236407e-06 4.502904e-11
2.258688e-06 4.602653e-11
2.281191e-06 4.709725e-11
2.303917e-06 4.820210e-11
2.326871e-06 4.925730e-11
2.350052e-06 5.049573e-11
2.373465e-06 5.171122e-11
2.397111e-06 5.287586e-11
2.420993e-06 5.424166e-11
2.445113e-06 5.561397e-11
2.469473e-06 5.697824e-11
2.494075e-06 5.839253e-11
2.518923e-06 5.989010e-11
2.544018e-06 6.161161e-11
2.569364e-06 6.314989e-11
2.594961e-06 6.468551e-11
2.620814e-06 6.651864e-11
2.646925e-06 6.832425e-11
2.673295e-06 7.044090e-11
2.699928e-06 7.238880e-11
2.726827e-06 7.449838e-11
2.753994e-06 7.655991e-11
2.781431e-06 7.867167e-11
2.809141e-06 8.106365e-11
2.837128e-06 8.331177e-11
2.865393e-06 8.604707e-11
2.893941e-06 8.850670e-11
2.922772e-06 9.155945e-11
2.951891e-06 9.433193e-11
2.981300e-06 9.774379e-11
3.011001e-06 1.010998e-10
3.040999e-06 1.048168e-10
3.071296e-06 1.087295e-10
3.101894e-06 1.121492e-10
3.132797e-06 1.158681e-10
3.164008e-06 1.192634e-10
3.195530e-06 1.247287e-10
3.227367e-06 1.304165e-10
3.259520e-06 1.343430e-10
3.291993e-06 1.390735e-10
3.324791e-06 1.461550e-10
3.357915e-06 1.517478e-10
3.391368e-06 1.568681e-10
3.425156e-06 1.664808e-10
3.459279e-06 1.700934e-10
3.493743e-06 1.809365e-10
3.528550e-06 1.873193e-10
3.563704e-06 1.982091e-10
3.599208e-06 2.036061e-10
3.635066e-06 2.200034e-10
3.671281e-06 2.246283e-10
3.707857e-06 2.413075e-10
3.744797e-06 2.556571e-10
3.782106e-06 2.597663e-10
3.819786e-06 2.776278e-10
3.857841e-06 3.037578e-10
3.896276e-06 3.215867e-10
3.935093e-06 3.326155e-10
3.974297e-06 3.460597e-10
4.013892e-06 3.645439e-10
4.053881e-06 3.867868e-10
4.094269e-06 4.111467e-10
4.135059e-06 4.376180e-10
4.176255e-06 4.696875e-10
4.217862e-06 5.165208e-10
4.259883e-06 5.876637e-10
4.302323e-06 6.438057e-10
4.345186e-06 6.260256e-10
4.388476e-06 6.586599e-10
4.432197e-06 8.318278e-10
4.476353e-06 7.778529e-10
4.520950e-06 8.919207e-10
4.565991e-06 9.488901e-10
4.611480e-06 1.056834e-09
4.657423e-06 1.045379e-09
4.703824e-06 1.466320e-09
4.750687e-06 1.259945e-09
4.798016e-06 1.303134e-09
4.845817e-06 1.623214e-09
4.894095e-06 2.128305e-09
4.942853e-06 2.459382e-09
4.992097e-06 2.683270e-09
5.041832e-06 3.047316e-09
5.092062e-06 3.238787e-09
5.142793e-06 2.847896e-09
5.194029e-06 2.674546e-09
5.245776e-06 3.283395e-09
5.298038e-06 4.987959e-09
5.350821e-06 3.607801e-09
5.404129e-06 6.970221e-09
5.457969e-06 4.481469e-09
5.512345e-06 6.454644e-09
5.567263e-06 8.691296e-09
5.622728e-06 6.597959e-09
5.678746e-06 6.803022e-09
5.735321e-06 7.525379e-09
5.792460e-06 8.288582e-09
5.850169e-06 9.244801e-09
5.908453e-06 1.173557e-08
5.967317e-06 1.795176e-08
6.026767e-06 1.229940e-08
6.086810e-06 1.551651e-08
6.147451e-06 1.478553e-08
6.208696e-06 2.038211e-08
6.270552e-06 1.688993e-08
6.333023e-06 1.803841e-08
6.396117e-06 2.081631e-08
6.459840e-06 2.315977e-08
6.524198e-06 2.442620e-08
6.589196e-06 2.611437e-08
6.654842e-06 3.260951e-08
6.721143e-06 3.730889e-08
6.788103e-06 3.818928e-08
6.855731e-06 4.496226e-08
6.924033e-06 5.557689e-08
6.993015e-06 5.835314e-08
7.062684e-06 6.330153e-08
7.133048e-06 6.942720e-08
7.204112e-06 7.361744e-08
7.275884e-06 7.377448e-08
7.348372e-06 7.434792e-08
7.421582e-06 7.415548e-08
7.495521e-06 7.371050e-08
7.570196e-06 7.302334e-08
7.645616e-06 7.232238e-08
7.721787e-06 7.161872e-08
7.798717e-06 7.091311e-08
7.876413e-06 7.021356e-08
7.954883e-06 6.952147e-08
8.034135e-06 6.883579e-08
8.114177e-06 6.815679e-08
8.195016e-06 6.748448e-08
8.276661e-06 6.681881e-08
8.359119e-06 6.615970e-08
8.442398e-06 6.550709e-08
8.526507e-06 6.486093e-08
8.611454e-06 6.422114e-08
8.697247e-06 6.358765e-08
8.783896e-06 6.296042e-08
8.871407e-06 6.233938e-08
8.959790e-06 6.172446e-08
9.049054e-06 6.111561e-08
9.139207e-06 6.051276e-08
9.230258e-06 5.991586e-08
9.322216e-06 5.932485e-08
9.415091e-06 5.873967e-08
9.508890e-06 5.816027e-08
9.603625e-06 5.758657e-08
9.699303e-06 5.701854e-08
9.795934e-06 5.645611e-08
9.893528e-06 5.589923e-08
9.992094e-06 5.534785e-08
1.009164e-05 5.480190e-08
1.019218e-05 5.426134e-08
1.029372e-05 5.372611e-08
1.039628e-05 5.319616e-08
1.049985e-05 5.267144e-08
1.060446e-05 5.215189e-08
1.071011e-05 5.163747e-08
1.081681e-05 5.112813e-08
1.092457e-05 5.062381e-08
1.103341e-05 5.012446e-08
1.114334e-05 4.963004e-08
1.125435e-05 4.914050e-08
1.136648e-05 4.865579e-08
1.147972e-05 4.817586e-08
1.159409e-05 4.770067e-08
1.170960e-05 4.723016e-08
1.182625e-05 4.676429e-08
1.194408e-05 4.630302e-08
1.206307e-05 4.584630e-08
1.218325e-05 4.539409e-08
1.230463e-05 4.494633e-08
1.242722e-05 4.450300e-08
1.255103e-05 4.406403e-08
1.267607e-05 4.362940e-08
1.280236e-05 4.319906e-08
1.292990e-05 4.277296e-08
1.305872e-05 4.235106e-08
1.318882e-05 4.193333e-08
1.332022e-05 4.151972e-08
1.345292e-05 4.111019e-08
1.358695e-05 4.070469e-08
1.372231e-05 4.030320e-08
1.385902e-05 3.990567e-08
1.399710e-05 3.951206e-08
1.413654e-05 3.912234e-08
1.427738e-05 3.873646e-08
1.441962e-05 3.835438e-08
1.456328e-05 3.797608e-08
1.470837e-05 3.760151e-08
1.485491e-05 3.723063e-08
1.500290e-05 3.686341e-08
1.515237e-05 3.649982e-08
1.530333e-05 3.613981e-08
1.545579e-05 3.578335e-08
1.560977e-05 3.543041e-08
1.576529e-05 3.508095e-08
1.592235e-05 3.473494e-08
1.608098e-05 3.439234e-08
1.624119e-05 3.405313e-08
1.640300e-05 3.371726e-08
1.656642e-05 3.338470e-08
1.673146e-05 3.305543e-08
1.689816e-05 3.272940e-08
1.706651e-05 3.240659e-08
1.723654e-05 3.208696e-08
1.740826e-05 3.177049e-08
1.758169e-05 3.145714e-08
1.775685e-05 3.114688e-08
1.793376e-05 3.083968e-08
1.811243e-05 3.053552e-08
1.829288e-05 3.023435e-08
1.847512e-05 2.993616e-08
1.865918e-05 2.964090e-08
1.884508e-05 2.934856e-08
1.903283e-05 2.905911e-08
1.922245e-05 2.877251e-08
1.941395e-05 2.848874e-08
1.960737e-05 2.820777e-08
1.980271e-05 2.792957e-08
2.000000e-05 2.765411e-08
