# Counting axions with IAXO (arXiv:2606.XXXXX) by B. Grinstein, C. Miro and P. Quilez
# g_disc for 2 axions in the quasi-degenerate scenario from solar axions: experiment IAXO+, energy resolution 10 eV, mixing angle pi/4
# sqrt(Delta_m21^2) [eV]    g_IAXOplus [GeV^-1]    (varphi = pi/4, w_res = 10 eV)
1.000000e-09 1.929196e-08
1.009963e-09 1.891323e-08
1.020025e-09 1.854193e-08
1.030187e-09 1.817792e-08
1.040450e-09 1.782106e-08
1.050816e-09 1.747121e-08
1.061285e-09 1.712822e-08
1.071858e-09 1.679197e-08
1.082537e-09 1.646232e-08
1.093322e-09 1.613914e-08
1.104214e-09 1.582230e-08
1.115215e-09 1.551168e-08
1.126326e-09 1.520717e-08
1.137547e-09 1.490863e-08
1.148880e-09 1.461595e-08
1.160326e-09 1.432901e-08
1.171886e-09 1.404771e-08
1.183561e-09 1.377193e-08
1.195353e-09 1.350157e-08
1.207262e-09 1.323651e-08
1.219289e-09 1.297666e-08
1.231437e-09 1.272191e-08
1.243705e-09 1.247216e-08
1.256096e-09 1.222731e-08
1.268610e-09 1.198727e-08
1.281249e-09 1.175194e-08
1.294013e-09 1.152123e-08
1.306905e-09 1.129505e-08
1.319925e-09 1.107331e-08
1.333075e-09 1.085593e-08
1.346356e-09 1.064281e-08
1.359770e-09 1.043387e-08
1.373317e-09 1.022904e-08
1.386999e-09 1.002823e-08
1.400817e-09 9.831360e-09
1.414773e-09 9.638356e-09
1.428868e-09 9.449140e-09
1.443103e-09 9.263639e-09
1.457480e-09 9.081779e-09
1.472001e-09 8.903490e-09
1.486666e-09 8.728701e-09
1.501477e-09 8.557343e-09
1.516436e-09 8.389350e-09
1.531544e-09 8.224654e-09
1.546802e-09 8.063192e-09
1.562212e-09 7.904899e-09
1.577776e-09 7.749714e-09
1.593495e-09 7.597575e-09
1.609371e-09 7.448423e-09
1.625404e-09 7.302199e-09
1.641598e-09 7.158846e-09
1.657953e-09 7.018307e-09
1.674470e-09 6.880527e-09
1.691153e-09 6.745452e-09
1.708001e-09 6.613028e-09
1.725017e-09 6.483205e-09
1.742203e-09 6.355930e-09
1.759560e-09 6.231153e-09
1.777090e-09 6.108826e-09
1.794795e-09 5.988901e-09
1.812676e-09 5.871330e-09
1.830735e-09 5.756066e-09
1.848974e-09 5.643066e-09
1.867395e-09 5.532284e-09
1.885999e-09 5.423677e-09
1.904789e-09 5.317202e-09
1.923765e-09 5.212818e-09
1.942931e-09 5.110482e-09
1.962288e-09 5.010156e-09
1.981838e-09 4.911799e-09
2.001582e-09 4.815373e-09
2.021524e-09 4.720840e-09
2.041663e-09 4.628163e-09
2.062004e-09 4.537306e-09
2.082547e-09 4.448232e-09
2.103295e-09 4.360906e-09
2.124249e-09 4.275295e-09
2.145413e-09 4.191365e-09
2.166787e-09 4.109082e-09
2.188374e-09 4.028415e-09
2.210176e-09 3.949331e-09
2.232195e-09 3.871800e-09
2.254434e-09 3.795791e-09
2.276894e-09 3.721274e-09
2.299578e-09 3.648220e-09
2.322488e-09 3.576601e-09
2.345626e-09 3.506387e-09
2.368995e-09 3.437551e-09
2.392597e-09 3.370067e-09
2.416433e-09 3.303908e-09
2.440508e-09 3.239048e-09
2.464822e-09 3.175461e-09
2.489378e-09 3.113122e-09
2.514179e-09 3.052007e-09
2.539227e-09 2.992092e-09
2.564525e-09 2.933353e-09
2.590074e-09 2.875767e-09
2.615878e-09 2.819312e-09
2.641939e-09 2.763965e-09
2.668260e-09 2.709705e-09
2.694843e-09 2.656509e-09
2.721691e-09 2.604359e-09
2.748807e-09 2.553231e-09
2.776192e-09 2.503108e-09
2.803851e-09 2.453969e-09
2.831785e-09 2.405794e-09
2.859997e-09 2.358565e-09
2.888490e-09 2.312264e-09
2.917267e-09 2.266871e-09
2.946331e-09 2.222369e-09
2.975685e-09 2.178741e-09
3.005330e-09 2.135970e-09
3.035272e-09 2.094038e-09
3.065511e-09 2.052930e-09
3.096052e-09 2.012628e-09
3.126897e-09 1.973118e-09
3.158049e-09 1.934383e-09
3.189512e-09 1.896409e-09
3.221288e-09 1.859180e-09
3.253381e-09 1.822683e-09
3.285793e-09 1.786901e-09
3.318529e-09 1.751822e-09
3.351590e-09 1.717432e-09
3.384981e-09 1.683717e-09
3.418705e-09 1.650664e-09
3.452764e-09 1.618260e-09
3.487163e-09 1.586492e-09
3.521905e-09 1.555347e-09
3.556992e-09 1.524814e-09
3.592430e-09 1.494881e-09
3.628220e-09 1.465535e-09
3.664367e-09 1.436765e-09
3.700874e-09 1.408560e-09
3.737744e-09 1.380909e-09
3.774982e-09 1.353801e-09
3.812591e-09 1.327225e-09
3.850575e-09 1.301170e-09
3.888937e-09 1.275627e-09
3.927682e-09 1.250586e-09
3.966812e-09 1.226036e-09
4.006332e-09 1.201968e-09
4.046246e-09 1.178373e-09
4.086558e-09 1.155241e-09
4.127271e-09 1.132563e-09
4.168389e-09 1.110330e-09
4.209918e-09 1.088534e-09
4.251860e-09 1.067166e-09
4.294220e-09 1.046217e-09
4.337002e-09 1.025679e-09
4.380210e-09 1.005545e-09
4.423849e-09 9.858059e-10
4.467923e-09 9.664544e-10
4.512435e-09 9.474829e-10
4.557391e-09 9.288838e-10
4.602795e-09 9.106499e-10
4.648651e-09 8.927740e-10
4.694964e-09 8.752490e-10
4.741739e-09 8.580681e-10
4.788980e-09 8.412245e-10
4.836691e-09 8.247117e-10
4.884877e-09 8.085230e-10
4.933544e-09 7.926522e-10
4.982695e-09 7.770930e-10
5.032336e-09 7.618392e-10
5.082472e-09 7.468850e-10
5.133107e-09 7.322243e-10
5.184247e-09 7.178516e-10
5.235896e-09 7.037610e-10
5.288060e-09 6.899470e-10
5.340743e-09 6.764043e-10
5.393951e-09 6.631276e-10
5.447689e-09 6.501114e-10
5.501963e-09 6.373509e-10
5.556778e-09 6.248409e-10
5.612138e-09 6.125766e-10
5.668050e-09 6.005530e-10
5.724519e-09 5.887656e-10
5.781551e-09 5.772096e-10
5.839151e-09 5.658805e-10
5.897324e-09 5.547738e-10
5.956078e-09 5.438853e-10
6.015416e-09 5.332106e-10
6.075346e-09 5.227454e-10
6.135873e-09 5.124858e-10
6.197003e-09 5.024277e-10
6.258742e-09 4.925670e-10
6.321096e-09 4.829000e-10
6.384071e-09 4.734228e-10
6.447674e-09 4.641318e-10
6.511910e-09 4.550232e-10
6.576786e-09 4.460934e-10
6.642309e-09 4.373391e-10
6.708484e-09 4.287566e-10
6.775319e-09 4.203427e-10
6.842819e-09 4.120941e-10
6.910992e-09 4.040074e-10
6.979844e-09 3.960796e-10
7.049382e-09 3.883075e-10
7.119613e-09 3.806880e-10
7.190544e-09 3.732182e-10
7.262181e-09 3.658951e-10
7.334532e-09 3.587158e-10
7.407604e-09 3.516776e-10
7.481403e-09 3.447776e-10
7.555938e-09 3.380131e-10
7.631216e-09 3.313815e-10
7.707243e-09 3.248802e-10
7.784028e-09 3.185066e-10
7.861578e-09 3.122583e-10
7.939901e-09 3.061326e-10
8.019004e-09 3.001273e-10
8.098895e-09 2.942400e-10
8.179582e-09 2.884684e-10
8.261072e-09 2.828102e-10
8.343375e-09 2.772631e-10
8.426497e-09 2.718251e-10
8.510448e-09 2.664939e-10
8.595235e-09 2.612674e-10
8.680867e-09 2.561437e-10
8.767352e-09 2.511207e-10
8.854698e-09 2.461964e-10
8.942915e-09 2.413688e-10
9.032011e-09 2.366362e-10
9.121994e-09 2.319966e-10
9.212874e-09 2.274482e-10
9.304659e-09 2.229892e-10
9.397358e-09 2.186178e-10
9.490981e-09 2.143324e-10
9.585537e-09 2.101313e-10
9.681035e-09 2.060127e-10
9.777484e-09 2.019752e-10
9.874894e-09 1.980170e-10
9.973275e-09 1.941367e-10
1.007264e-08 1.903327e-10
1.017299e-08 1.866036e-10
1.027434e-08 1.829478e-10
1.037670e-08 1.793639e-10
1.048008e-08 1.758505e-10
1.058449e-08 1.724062e-10
1.068994e-08 1.690298e-10
1.079644e-08 1.657197e-10
1.090400e-08 1.624749e-10
1.101263e-08 1.592939e-10
1.112235e-08 1.561755e-10
1.123316e-08 1.531185e-10
1.134507e-08 1.501217e-10
1.145810e-08 1.471839e-10
1.157225e-08 1.443040e-10
1.168754e-08 1.414808e-10
1.180398e-08 1.387132e-10
1.192158e-08 1.360002e-10
1.204035e-08 1.333406e-10
1.216031e-08 1.307334e-10
1.228146e-08 1.281777e-10
1.240381e-08 1.256723e-10
1.252739e-08 1.232163e-10
1.265219e-08 1.208088e-10
1.277824e-08 1.184487e-10
1.290555e-08 1.161353e-10
1.303412e-08 1.138674e-10
1.316398e-08 1.116444e-10
1.329513e-08 1.094652e-10
1.342758e-08 1.073291e-10
1.356136e-08 1.052351e-10
1.369647e-08 1.031826e-10
1.383292e-08 1.011706e-10
1.397073e-08 9.919832e-11
1.410992e-08 9.726508e-11
1.425049e-08 9.537008e-11
1.439247e-08 9.351257e-11
1.453585e-08 9.169183e-11
1.468067e-08 8.990713e-11
1.482693e-08 8.815777e-11
1.497465e-08 8.644308e-11
1.512383e-08 8.476237e-11
1.527451e-08 8.311498e-11
1.542668e-08 8.150027e-11
1.558037e-08 7.991759e-11
1.573560e-08 7.836634e-11
1.589237e-08 7.684590e-11
1.605070e-08 7.535567e-11
1.621061e-08 7.389506e-11
1.637211e-08 7.246351e-11
1.653522e-08 7.106044e-11
1.669995e-08 6.968532e-11
1.686633e-08 6.833759e-11
1.703436e-08 6.701673e-11
1.720407e-08 6.572222e-11
1.737547e-08 6.445355e-11
1.754858e-08 6.321022e-11
1.772341e-08 6.199175e-11
1.789998e-08 6.079765e-11
1.807831e-08 5.962746e-11
1.825842e-08 5.848071e-11
1.844033e-08 5.735696e-11
1.862404e-08 5.625577e-11
1.880959e-08 5.517669e-11
1.899698e-08 5.411932e-11
1.918624e-08 5.308323e-11
1.937739e-08 5.206801e-11
1.957044e-08 5.107327e-11
1.976541e-08 5.009862e-11
1.996233e-08 4.914368e-11
2.016121e-08 4.820807e-11
2.036207e-08 4.729142e-11
2.056493e-08 4.639337e-11
2.076981e-08 4.551358e-11
2.097674e-08 4.465170e-11
2.118572e-08 4.380738e-11
2.139679e-08 4.298030e-11
2.160996e-08 4.217014e-11
2.182525e-08 4.137658e-11
2.204269e-08 4.059931e-11
2.226230e-08 3.983802e-11
2.248409e-08 3.909242e-11
2.270809e-08 3.836222e-11
2.293433e-08 3.764712e-11
2.316281e-08 3.694687e-11
2.339358e-08 3.626117e-11
2.362664e-08 3.558976e-11
2.386203e-08 3.493240e-11
2.409976e-08 3.428881e-11
2.433985e-08 3.365875e-11
2.458235e-08 3.304198e-11
2.482725e-08 3.243827e-11
2.507460e-08 3.184737e-11
2.532441e-08 3.126907e-11
2.557671e-08 3.070315e-11
2.583152e-08 3.014939e-11
2.608887e-08 2.960758e-11
2.634879e-08 2.907753e-11
2.661129e-08 2.855904e-11
2.687641e-08 2.805192e-11
2.714418e-08 2.755598e-11
2.741461e-08 2.707107e-11
2.768773e-08 2.659699e-11
2.796357e-08 2.613361e-11
2.824217e-08 2.568076e-11
2.852353e-08 2.523831e-11
2.880771e-08 2.480611e-11
2.909471e-08 2.438404e-11
2.938457e-08 2.397197e-11
2.967732e-08 2.356977e-11
2.997299e-08 2.317729e-11
3.027160e-08 2.279438e-11
3.057319e-08 2.242082e-11
3.087778e-08 2.205637e-11
3.118540e-08 2.170077e-11
3.149609e-08 2.135371e-11
3.180988e-08 2.101487e-11
3.212679e-08 2.068391e-11
3.244686e-08 2.036051e-11
3.277012e-08 2.004433e-11
3.309660e-08 1.973508e-11
3.342633e-08 1.943246e-11
3.375935e-08 1.913617e-11
3.409568e-08 1.884597e-11
3.443537e-08 1.856161e-11
3.477844e-08 1.828286e-11
3.512492e-08 1.800951e-11
3.547486e-08 1.774137e-11
3.582829e-08 1.747825e-11
3.618523e-08 1.721999e-11
3.654574e-08 1.696643e-11
3.690983e-08 1.671745e-11
3.727755e-08 1.647290e-11
3.764894e-08 1.623267e-11
3.802402e-08 1.599664e-11
3.840285e-08 1.576473e-11
3.878544e-08 1.553683e-11
3.917185e-08 1.531286e-11
3.956211e-08 1.509274e-11
3.995625e-08 1.487639e-11
4.035432e-08 1.466375e-11
4.075636e-08 1.445474e-11
4.116241e-08 1.424931e-11
4.157249e-08 1.404739e-11
4.198667e-08 1.384892e-11
4.240497e-08 1.365384e-11
4.282744e-08 1.346211e-11
4.325411e-08 1.327365e-11
4.368504e-08 1.308842e-11
4.412026e-08 1.290635e-11
4.455982e-08 1.272740e-11
4.500376e-08 1.255150e-11
4.545212e-08 1.237861e-11
4.590494e-08 1.220867e-11
4.636228e-08 1.204162e-11
4.682417e-08 1.187741e-11
4.729067e-08 1.171599e-11
4.776181e-08 1.155732e-11
4.823765e-08 1.140134e-11
4.871822e-08 1.124802e-11
4.920359e-08 1.109730e-11
4.969379e-08 1.094917e-11
5.018887e-08 1.080357e-11
5.068889e-08 1.066048e-11
5.119389e-08 1.051986e-11
5.170392e-08 1.038170e-11
5.221903e-08 1.024595e-11
5.273927e-08 1.011259e-11
5.326470e-08 9.981582e-12
5.379536e-08 9.852896e-12
5.433131e-08 9.726489e-12
5.487259e-08 9.602324e-12
5.541927e-08 9.480357e-12
5.597140e-08 9.360550e-12
5.652902e-08 9.242863e-12
5.709220e-08 9.127258e-12
5.766100e-08 9.013698e-12
5.823546e-08 8.902151e-12
5.881564e-08 8.792582e-12
5.940160e-08 8.684961e-12
5.999340e-08 8.579257e-12
6.059110e-08 8.475442e-12
6.119475e-08 8.373486e-12
6.180441e-08 8.273361e-12
6.242015e-08 8.175041e-12
6.304203e-08 8.078496e-12
6.367010e-08 7.983701e-12
6.430442e-08 7.890631e-12
6.494507e-08 7.799259e-12
6.559210e-08 7.709562e-12
6.624557e-08 7.621517e-12
6.690556e-08 7.535100e-12
6.757212e-08 7.450290e-12
6.824532e-08 7.367064e-12
6.892522e-08 7.285401e-12
6.961191e-08 7.205280e-12
7.030543e-08 7.126678e-12
7.100586e-08 7.049574e-12
7.171327e-08 6.973947e-12
7.242773e-08 6.899777e-12
7.314930e-08 6.827043e-12
7.387807e-08 6.755728e-12
7.461409e-08 6.685811e-12
7.535745e-08 6.617275e-12
7.610822e-08 6.550102e-12
7.686646e-08 6.484276e-12
7.763226e-08 6.419778e-12
7.840568e-08 6.356593e-12
7.918682e-08 6.294705e-12
7.997573e-08 6.234098e-12
8.077250e-08 6.174757e-12
8.157722e-08 6.116668e-12
8.238995e-08 6.059815e-12
8.321077e-08 6.004186e-12
8.403978e-08 5.949765e-12
8.487704e-08 5.896540e-12
8.572265e-08 5.844497e-12
8.657667e-08 5.793624e-12
8.743921e-08 5.743908e-12
8.831034e-08 5.695339e-12
8.919015e-08 5.647903e-12
9.007873e-08 5.601589e-12
9.097615e-08 5.556387e-12
9.188252e-08 5.512286e-12
9.279792e-08 5.469275e-12
9.372244e-08 5.427343e-12
9.465617e-08 5.386482e-12
9.559920e-08 5.346680e-12
9.655163e-08 5.307929e-12
9.751354e-08 5.270220e-12
9.848504e-08 5.233541e-12
9.946622e-08 5.197886e-12
1.004572e-07 5.163244e-12
1.014580e-07 5.129607e-12
1.024688e-07 5.096965e-12
1.034897e-07 5.065310e-12
1.045207e-07 5.034633e-12
1.055620e-07 5.004925e-12
1.066137e-07 4.976176e-12
1.076758e-07 4.948377e-12
1.087486e-07 4.921519e-12
1.098320e-07 4.895592e-12
1.109262e-07 4.870584e-12
1.120314e-07 4.846487e-12
1.131475e-07 4.823287e-12
1.142748e-07 4.800973e-12
1.154132e-07 4.779533e-12
1.165631e-07 4.758953e-12
1.177243e-07 4.739218e-12
1.188972e-07 4.720313e-12
1.200817e-07 4.702222e-12
1.212781e-07 4.684926e-12
1.224863e-07 4.668407e-12
1.237066e-07 4.652643e-12
1.249391e-07 4.637612e-12
1.261838e-07 4.623290e-12
1.274409e-07 4.609650e-12
1.287106e-07 4.596665e-12
1.299929e-07 4.584304e-12
1.312880e-07 4.572535e-12
1.325960e-07 4.561323e-12
1.339170e-07 4.550630e-12
1.352512e-07 4.540418e-12
1.365986e-07 4.530645e-12
1.379595e-07 4.521267e-12
1.393340e-07 4.512237e-12
1.407221e-07 4.503508e-12
1.421241e-07 4.495030e-12
1.435400e-07 4.486752e-12
1.449701e-07 4.478622e-12
1.464144e-07 4.470588e-12
1.478730e-07 4.462598e-12
1.493463e-07 4.454600e-12
1.508341e-07 4.446543e-12
1.523369e-07 4.438380e-12
1.538546e-07 4.430065e-12
1.553874e-07 4.421557e-12
1.569354e-07 4.412820e-12
1.584989e-07 4.403821e-12
1.600780e-07 4.394537e-12
1.616728e-07 4.384947e-12
1.632835e-07 4.375041e-12
1.649103e-07 4.364816e-12
1.665532e-07 4.354276e-12
1.682125e-07 4.343435e-12
1.698884e-07 4.332314e-12
1.715809e-07 4.320943e-12
1.732903e-07 4.309359e-12
1.750168e-07 4.297604e-12
1.767604e-07 4.285731e-12
1.785214e-07 4.273794e-12
1.803000e-07 4.261854e-12
1.820963e-07 4.249975e-12
1.839104e-07 4.238224e-12
1.857427e-07 4.226667e-12
1.875932e-07 4.215375e-12
1.894621e-07 4.204414e-12
1.913497e-07 4.193850e-12
1.932560e-07 4.183749e-12
1.951814e-07 4.174170e-12
1.971259e-07 4.165171e-12
1.990898e-07 4.156805e-12
2.010733e-07 4.149120e-12
2.030765e-07 4.142159e-12
2.050997e-07 4.135958e-12
2.071431e-07 4.130551e-12
2.092068e-07 4.125961e-12
2.112910e-07 4.122210e-12
2.133961e-07 4.119309e-12
2.155221e-07 4.117265e-12
2.176693e-07 4.116081e-12
2.198378e-07 4.115749e-12
2.220280e-07 4.116259e-12
2.242400e-07 4.117591e-12
2.264740e-07 4.119723e-12
2.287303e-07 4.122623e-12
2.310091e-07 4.126256e-12
2.333106e-07 4.130580e-12
2.356350e-07 4.135547e-12
2.379825e-07 4.141106e-12
2.403535e-07 4.147198e-12
2.427481e-07 4.153762e-12
2.451665e-07 4.160731e-12
2.476090e-07 4.168038e-12
2.500759e-07 4.175609e-12
2.525673e-07 4.183371e-12
2.550835e-07 4.191248e-12
2.576249e-07 4.199165e-12
2.601915e-07 4.207046e-12
2.627837e-07 4.214819e-12
2.654018e-07 4.222412e-12
2.680459e-07 4.229760e-12
2.707163e-07 4.236799e-12
2.734134e-07 4.243473e-12
2.761373e-07 4.249733e-12
2.788884e-07 4.255535e-12
2.816669e-07 4.260845e-12
2.844731e-07 4.265637e-12
2.873072e-07 4.269893e-12
2.901695e-07 4.273604e-12
2.930604e-07 4.276768e-12
2.959801e-07 4.279394e-12
2.989288e-07 4.281496e-12
3.019070e-07 4.283097e-12
3.049148e-07 4.284224e-12
3.079526e-07 4.284911e-12
3.110206e-07 4.285196e-12
3.141192e-07 4.285119e-12
3.172487e-07 4.284725e-12
3.204093e-07 4.284057e-12
3.236015e-07 4.283161e-12
3.268254e-07 4.282082e-12
3.300815e-07 4.280863e-12
3.333700e-07 4.279547e-12
3.366913e-07 4.278172e-12
3.400456e-07 4.276777e-12
3.434334e-07 4.275394e-12
3.468549e-07 4.274054e-12
3.503105e-07 4.272784e-12
3.538006e-07 4.271608e-12
3.573254e-07 4.270546e-12
3.608853e-07 4.269615e-12
3.644807e-07 4.268827e-12
3.681119e-07 4.268195e-12
3.717793e-07 4.267725e-12
3.754832e-07 4.267423e-12
3.792240e-07 4.267292e-12
3.830021e-07 4.267332e-12
3.868179e-07 4.267544e-12
3.906716e-07 4.267924e-12
3.945638e-07 4.268468e-12
3.984947e-07 4.269172e-12
4.024648e-07 4.270031e-12
4.064744e-07 4.271037e-12
4.105240e-07 4.272183e-12
4.146139e-07 4.273463e-12
4.187446e-07 4.274867e-12
4.229164e-07 4.276389e-12
4.271298e-07 4.278022e-12
4.313852e-07 4.279756e-12
4.356829e-07 4.281586e-12
4.400235e-07 4.283504e-12
4.444073e-07 4.285503e-12
4.488348e-07 4.287576e-12
4.533065e-07 4.289717e-12
4.578226e-07 4.291920e-12
4.623838e-07 4.294180e-12
4.669903e-07 4.296491e-12
4.716428e-07 4.298851e-12
4.763417e-07 4.301253e-12
4.810873e-07 4.303697e-12
4.858803e-07 4.306178e-12
4.907209e-07 4.308694e-12
4.956098e-07 4.311245e-12
5.005474e-07 4.313829e-12
5.055343e-07 4.316445e-12
5.105707e-07 4.319095e-12
5.156574e-07 4.321778e-12
5.207947e-07 4.324496e-12
5.259833e-07 4.327250e-12
5.312235e-07 4.330041e-12
5.365159e-07 4.332872e-12
5.418611e-07 4.335745e-12
5.472595e-07 4.338662e-12
5.527116e-07 4.341626e-12
5.582181e-07 4.344640e-12
5.637795e-07 4.347706e-12
5.693963e-07 4.350826e-12
5.750690e-07 4.354003e-12
5.807982e-07 4.357241e-12
5.865845e-07 4.360540e-12
5.924285e-07 4.363904e-12
5.983307e-07 4.367335e-12
6.042917e-07 4.370835e-12
6.103121e-07 4.374406e-12
6.163924e-07 4.378050e-12
6.225334e-07 4.381769e-12
6.287355e-07 4.385564e-12
6.349994e-07 4.389439e-12
6.413257e-07 4.393393e-12
6.477150e-07 4.397430e-12
6.541680e-07 4.401551e-12
6.606853e-07 4.405757e-12
6.672675e-07 4.410050e-12
6.739153e-07 4.414432e-12
6.806293e-07 4.418904e-12
6.874102e-07 4.423467e-12
6.942587e-07 4.428123e-12
7.011754e-07 4.432871e-12
7.081610e-07 4.437709e-12
7.152162e-07 4.442636e-12
7.223417e-07 4.447652e-12
7.295381e-07 4.452759e-12
7.368063e-07 4.457960e-12
7.441469e-07 4.463258e-12
7.515606e-07 4.468657e-12
7.590482e-07 4.474161e-12
7.666103e-07 4.479771e-12
7.742478e-07 4.485491e-12
7.819614e-07 4.491322e-12
7.897519e-07 4.497266e-12
7.976200e-07 4.503325e-12
8.055664e-07 4.509499e-12
8.135920e-07 4.515789e-12
8.216976e-07 4.522196e-12
8.298839e-07 4.528722e-12
8.381518e-07 4.535366e-12
8.465021e-07 4.542132e-12
8.549355e-07 4.549023e-12
8.634530e-07 4.556042e-12
8.720553e-07 4.563193e-12
8.807433e-07 4.570481e-12
8.895179e-07 4.577911e-12
8.983799e-07 4.585485e-12
9.073302e-07 4.593205e-12
9.163697e-07 4.601064e-12
9.254992e-07 4.609056e-12
9.347197e-07 4.617183e-12
9.440320e-07 4.625453e-12
9.534371e-07 4.633873e-12
9.629359e-07 4.642451e-12
9.725294e-07 4.651191e-12
9.822184e-07 4.660096e-12
9.920039e-07 4.669167e-12
1.001887e-06 4.678404e-12
1.011868e-06 4.687804e-12
1.021949e-06 4.697371e-12
1.032131e-06 4.707106e-12
1.042414e-06 4.717018e-12
1.052799e-06 4.727116e-12
1.063288e-06 4.737406e-12
1.073881e-06 4.747894e-12
1.084580e-06 4.758570e-12
1.095385e-06 4.769418e-12
1.106298e-06 4.780447e-12
1.117320e-06 4.791671e-12
1.128451e-06 4.803102e-12
1.139694e-06 4.814747e-12
1.151048e-06 4.826606e-12
1.162516e-06 4.838675e-12
1.174097e-06 4.850953e-12
1.185794e-06 4.863445e-12
1.197608e-06 4.876163e-12
1.209540e-06 4.889124e-12
1.221590e-06 4.902335e-12
1.233760e-06 4.915768e-12
1.246052e-06 4.929413e-12
1.258466e-06 4.943295e-12
1.271004e-06 4.957432e-12
1.283666e-06 4.971833e-12
1.296455e-06 4.986489e-12
1.309371e-06 5.001397e-12
1.322416e-06 5.016564e-12
1.335591e-06 5.032012e-12
1.348897e-06 5.047763e-12
1.362336e-06 5.063783e-12
1.375908e-06 5.080054e-12
1.389616e-06 5.096611e-12
1.403460e-06 5.113477e-12
1.417443e-06 5.130649e-12
1.431564e-06 5.148113e-12
1.445826e-06 5.165881e-12
1.460231e-06 5.183991e-12
1.474779e-06 5.202445e-12
1.489471e-06 5.221182e-12
1.504310e-06 5.240240e-12
1.519297e-06 5.259656e-12
1.534434e-06 5.279421e-12
1.549721e-06 5.299519e-12
1.565160e-06 5.319988e-12
1.580753e-06 5.340863e-12
1.596502e-06 5.362064e-12
1.612408e-06 5.383628e-12
1.628471e-06 5.405599e-12
1.644695e-06 5.427954e-12
1.661081e-06 5.450697e-12
1.677630e-06 5.473895e-12
1.694344e-06 5.497488e-12
1.711224e-06 5.521466e-12
1.728272e-06 5.545899e-12
1.745491e-06 5.570761e-12
1.762880e-06 5.596066e-12
1.780443e-06 5.621883e-12
1.798181e-06 5.648099e-12
1.816096e-06 5.674797e-12
1.834189e-06 5.701982e-12
1.852463e-06 5.729644e-12
1.870918e-06 5.757873e-12
1.889558e-06 5.786540e-12
1.908383e-06 5.815746e-12
1.927396e-06 5.845474e-12
1.946598e-06 5.875759e-12
1.965991e-06 5.906622e-12
1.985578e-06 5.937991e-12
2.005359e-06 5.969958e-12
2.025338e-06 6.002493e-12
2.045516e-06 6.035693e-12
2.065895e-06 6.069419e-12
2.086477e-06 6.103799e-12
2.107264e-06 6.138800e-12
2.128258e-06 6.174500e-12
2.149461e-06 6.210796e-12
2.170875e-06 6.247776e-12
2.192503e-06 6.285493e-12
2.214346e-06 6.323859e-12
2.236407e-06 6.362958e-12
2.258688e-06 6.402770e-12
2.281191e-06 6.443384e-12
2.303917e-06 6.484711e-12
2.326871e-06 6.526800e-12
2.350052e-06 6.569770e-12
2.373465e-06 6.613473e-12
2.397111e-06 6.658001e-12
2.420993e-06 6.703458e-12
2.445113e-06 6.749715e-12
2.469473e-06 6.796853e-12
2.494075e-06 6.844937e-12
2.518923e-06 6.893913e-12
2.544018e-06 6.943885e-12
2.569364e-06 6.994751e-12
2.594961e-06 7.046604e-12
2.620814e-06 7.099548e-12
2.646925e-06 7.153458e-12
2.673295e-06 7.208494e-12
2.699928e-06 7.264522e-12
2.726827e-06 7.321691e-12
2.753994e-06 7.379986e-12
2.781431e-06 7.439411e-12
2.809141e-06 7.500085e-12
2.837128e-06 7.561895e-12
2.865393e-06 7.625032e-12
2.893941e-06 7.689342e-12
2.922772e-06 7.755043e-12
2.951891e-06 7.821982e-12
2.981300e-06 7.890370e-12
3.011001e-06 7.960078e-12
3.040999e-06 8.031280e-12
3.071296e-06 8.103938e-12
3.101894e-06 8.178041e-12
3.132797e-06 8.253742e-12
3.164008e-06 8.330886e-12
3.195530e-06 8.409765e-12
3.227367e-06 8.490275e-12
3.259520e-06 8.572445e-12
3.291993e-06 8.656378e-12
3.324791e-06 8.742023e-12
3.357915e-06 8.829579e-12
3.391368e-06 8.918983e-12
3.425156e-06 9.010275e-12
3.459279e-06 9.103534e-12
3.493743e-06 9.198834e-12
3.528550e-06 9.296279e-12
3.563704e-06 9.395630e-12
3.599208e-06 9.497342e-12
3.635066e-06 9.601263e-12
3.671281e-06 9.707498e-12
3.707857e-06 9.816117e-12
3.744797e-06 9.926947e-12
3.782106e-06 1.004043e-11
3.819786e-06 1.015652e-11
3.857841e-06 1.027518e-11
3.896276e-06 1.039652e-11
3.935093e-06 1.052065e-11
3.974297e-06 1.064766e-11
4.013892e-06 1.077759e-11
4.053881e-06 1.091053e-11
4.094269e-06 1.104654e-11
4.135059e-06 1.118572e-11
4.176255e-06 1.132815e-11
4.217862e-06 1.147395e-11
4.259883e-06 1.162321e-11
4.302323e-06 1.177610e-11
4.345186e-06 1.193266e-11
4.388476e-06 1.209285e-11
4.432197e-06 1.225702e-11
4.476353e-06 1.242556e-11
4.520950e-06 1.259770e-11
4.565991e-06 1.277431e-11
4.611480e-06 1.295503e-11
4.657423e-06 1.314094e-11
4.703824e-06 1.333080e-11
4.750687e-06 1.352558e-11
4.798016e-06 1.372586e-11
4.845817e-06 1.393058e-11
4.894095e-06 1.414062e-11
4.942853e-06 1.435634e-11
4.992097e-06 1.457728e-11
5.041832e-06 1.480453e-11
5.092062e-06 1.503728e-11
5.142793e-06 1.527664e-11
5.194029e-06 1.552247e-11
5.245776e-06 1.577388e-11
5.298038e-06 1.603281e-11
5.350821e-06 1.629913e-11
5.404129e-06 1.657118e-11
5.457969e-06 1.685228e-11
5.512345e-06 1.714037e-11
5.567263e-06 1.743689e-11
5.622728e-06 1.774183e-11
5.678746e-06 1.805480e-11
5.735321e-06 1.837643e-11
5.792460e-06 1.870752e-11
5.850169e-06 1.904850e-11
5.908453e-06 1.939943e-11
5.967317e-06 1.975984e-11
6.026767e-06 2.013048e-11
6.086810e-06 2.051314e-11
6.147451e-06 2.090554e-11
6.208696e-06 2.131317e-11
6.270552e-06 2.172962e-11
6.333023e-06 2.215890e-11
6.396117e-06 2.260425e-11
6.459840e-06 2.306065e-11
6.524198e-06 2.353328e-11
6.589196e-06 2.401762e-11
6.654842e-06 2.452130e-11
6.721143e-06 2.504111e-11
6.788103e-06 2.557198e-11
6.855731e-06 2.612625e-11
6.924033e-06 2.669705e-11
6.993015e-06 2.728540e-11
7.062684e-06 2.789410e-11
7.133048e-06 2.852376e-11
7.204112e-06 2.917581e-11
7.275884e-06 2.984985e-11
7.348372e-06 3.054203e-11
7.421582e-06 3.127166e-11
7.495521e-06 3.201498e-11
7.570196e-06 3.278435e-11
7.645616e-06 3.359083e-11
7.721787e-06 3.441837e-11
7.798717e-06 3.528816e-11
7.876413e-06 3.618818e-11
7.954883e-06 3.710909e-11
8.034135e-06 3.807515e-11
8.114177e-06 3.908558e-11
8.195016e-06 4.013074e-11
8.276661e-06 4.121190e-11
8.359119e-06 4.233546e-11
8.442398e-06 4.353515e-11
8.526507e-06 4.475051e-11
8.611454e-06 4.601812e-11
8.697247e-06 4.736428e-11
8.783896e-06 4.875201e-11
8.871407e-06 5.023340e-11
8.959790e-06 5.174081e-11
9.049054e-06 5.335093e-11
9.139207e-06 5.503045e-11
9.230258e-06 5.677168e-11
9.322216e-06 5.859908e-11
9.415091e-06 6.054818e-11
9.508890e-06 6.258971e-11
9.603625e-06 6.471877e-11
9.699303e-06 6.698905e-11
9.795934e-06 6.927861e-11
9.893528e-06 7.185507e-11
9.992094e-06 7.449900e-11
1.009164e-05 7.730281e-11
1.019218e-05 8.017399e-11
1.029372e-05 8.341592e-11
1.039628e-05 8.670115e-11
1.049985e-05 9.027681e-11
1.060446e-05 9.398944e-11
1.071011e-05 9.806497e-11
1.081681e-05 1.023026e-10
1.092457e-05 1.069743e-10
1.103341e-05 1.116277e-10
1.114334e-05 1.171385e-10
1.125435e-05 1.227117e-10
1.136648e-05 1.285756e-10
1.147972e-05 1.353783e-10
1.159409e-05 1.424953e-10
1.170960e-05 1.497177e-10
1.182625e-05 1.585357e-10
1.194408e-05 1.676239e-10
1.206307e-05 1.767649e-10
1.218325e-05 1.880754e-10
1.230463e-05 1.997427e-10
1.242722e-05 2.117991e-10
1.255103e-05 2.267333e-10
1.267607e-05 2.421275e-10
1.280236e-05 2.568599e-10
1.292990e-05 2.756010e-10
1.305872e-05 2.962022e-10
1.318882e-05 3.193099e-10
1.332022e-05 3.438114e-10
1.345292e-05 3.763951e-10
1.358695e-05 4.070500e-10
1.372231e-05 4.439930e-10
1.385902e-05 4.879937e-10
1.399710e-05 5.264261e-10
1.413654e-05 5.882190e-10
1.427738e-05 6.389804e-10
1.441962e-05 7.153706e-10
1.456328e-05 7.939993e-10
1.470837e-05 8.683882e-10
1.485491e-05 9.971561e-10
1.500290e-05 1.067780e-09
1.515237e-05 1.264847e-09
1.530333e-05 1.384363e-09
1.545579e-05 1.531512e-09
1.560977e-05 1.776819e-09
1.576529e-05 1.843072e-09
1.592235e-05 2.225111e-09
1.608098e-05 2.199041e-09
1.624119e-05 3.012771e-09
1.640300e-05 3.306865e-09
1.656642e-05 3.072581e-09
1.673146e-05 3.672518e-09
1.689816e-05 3.908190e-09
1.706651e-05 4.872424e-09
1.723654e-05 4.680263e-09
1.740826e-05 5.196951e-09
1.758169e-05 6.249143e-09
1.775685e-05 7.340879e-09
1.793376e-05 1.065850e-08
1.811243e-05 1.092350e-08
1.829288e-05 8.962112e-09
1.847512e-05 9.187122e-09
1.865918e-05 9.662794e-09
1.884508e-05 1.122527e-08
1.903283e-05 1.160087e-08
1.922245e-05 1.155142e-08
1.941395e-05 1.124954e-08
1.960737e-05 1.165316e-08
1.980271e-05 1.226821e-08
2.000000e-05 1.206368e-08
