# Counting axions with IAXO (arXiv:2606.XXXXX) by B. Grinstein, C. Miro and P. Quilez
# g_disc for 2 axions in the quasi-degenerate scenario from solar axions: experiment BabyIAXO, energy resolution 100 eV, mixing angle pi/4
# sqrt(Delta_m21^2) [eV]    g_BabyIAXO [GeV^-1]    (varphi = pi/4, w_res = 100 eV)
1.000000e-09 1.007270e-07
1.009963e-09 9.874954e-08
1.020025e-09 9.681094e-08
1.030187e-09 9.491039e-08
1.040450e-09 9.304715e-08
1.050816e-09 9.122050e-08
1.061285e-09 8.942970e-08
1.071858e-09 8.767406e-08
1.082537e-09 8.595288e-08
1.093322e-09 8.426550e-08
1.104214e-09 8.261124e-08
1.115215e-09 8.098945e-08
1.126326e-09 7.939951e-08
1.137547e-09 7.784078e-08
1.148880e-09 7.631264e-08
1.160326e-09 7.481451e-08
1.171886e-09 7.334579e-08
1.183561e-09 7.190590e-08
1.195353e-09 7.049428e-08
1.207262e-09 6.911037e-08
1.219289e-09 6.775363e-08
1.231437e-09 6.642352e-08
1.243705e-09 6.511953e-08
1.256096e-09 6.384114e-08
1.268610e-09 6.258784e-08
1.281249e-09 6.135914e-08
1.294013e-09 6.015457e-08
1.306905e-09 5.897365e-08
1.319925e-09 5.781591e-08
1.333075e-09 5.668090e-08
1.346356e-09 5.556817e-08
1.359770e-09 5.447728e-08
1.373317e-09 5.340781e-08
1.386999e-09 5.235934e-08
1.400817e-09 5.133144e-08
1.414773e-09 5.032373e-08
1.428868e-09 4.933580e-08
1.443103e-09 4.836727e-08
1.457480e-09 4.741775e-08
1.472001e-09 4.648687e-08
1.486666e-09 4.557426e-08
1.501477e-09 4.467957e-08
1.516436e-09 4.380245e-08
1.531544e-09 4.294254e-08
1.546802e-09 4.209952e-08
1.562212e-09 4.127304e-08
1.577776e-09 4.046279e-08
1.593495e-09 3.966845e-08
1.609371e-09 3.888970e-08
1.625404e-09 3.812624e-08
1.641598e-09 3.737777e-08
1.657953e-09 3.664399e-08
1.674470e-09 3.592462e-08
1.691153e-09 3.521937e-08
1.708001e-09 3.452796e-08
1.725017e-09 3.385013e-08
1.742203e-09 3.318561e-08
1.759560e-09 3.253413e-08
1.777090e-09 3.189544e-08
1.794795e-09 3.126928e-08
1.812676e-09 3.065543e-08
1.830735e-09 3.005362e-08
1.848974e-09 2.946363e-08
1.867395e-09 2.888521e-08
1.885999e-09 2.831816e-08
1.904789e-09 2.776224e-08
1.923765e-09 2.721723e-08
1.942931e-09 2.668292e-08
1.962288e-09 2.615910e-08
1.981838e-09 2.564556e-08
2.001582e-09 2.514211e-08
2.021524e-09 2.464853e-08
2.041663e-09 2.416465e-08
2.062004e-09 2.369027e-08
2.082547e-09 2.322520e-08
2.103295e-09 2.276926e-08
2.124249e-09 2.232227e-08
2.145413e-09 2.188406e-08
2.166787e-09 2.145445e-08
2.188374e-09 2.103328e-08
2.210176e-09 2.062037e-08
2.232195e-09 2.021557e-08
2.254434e-09 1.981871e-08
2.276894e-09 1.942965e-08
2.299578e-09 1.904822e-08
2.322488e-09 1.867429e-08
2.345626e-09 1.830769e-08
2.368995e-09 1.794829e-08
2.392597e-09 1.759595e-08
2.416433e-09 1.725053e-08
2.440508e-09 1.691188e-08
2.464822e-09 1.657988e-08
2.489378e-09 1.625441e-08
2.514179e-09 1.593532e-08
2.539227e-09 1.562249e-08
2.564525e-09 1.531581e-08
2.590074e-09 1.501515e-08
2.615878e-09 1.472039e-08
2.641939e-09 1.443142e-08
2.668260e-09 1.414812e-08
2.694843e-09 1.387038e-08
2.721691e-09 1.359810e-08
2.748807e-09 1.333116e-08
2.776192e-09 1.306946e-08
2.803851e-09 1.281290e-08
2.831785e-09 1.256138e-08
2.859997e-09 1.231479e-08
2.888490e-09 1.207305e-08
2.917267e-09 1.183605e-08
2.946331e-09 1.160371e-08
2.975685e-09 1.137592e-08
3.005330e-09 1.115261e-08
3.035272e-09 1.093368e-08
3.065511e-09 1.071905e-08
3.096052e-09 1.050864e-08
3.126897e-09 1.030236e-08
3.158049e-09 1.010012e-08
3.189512e-09 9.901857e-09
3.221288e-09 9.707486e-09
3.253381e-09 9.516931e-09
3.285793e-09 9.330118e-09
3.318529e-09 9.146972e-09
3.351590e-09 8.967422e-09
3.384981e-09 8.791397e-09
3.418705e-09 8.618828e-09
3.452764e-09 8.449648e-09
3.487163e-09 8.283789e-09
3.521905e-09 8.121186e-09
3.556992e-09 7.961777e-09
3.592430e-09 7.805497e-09
3.628220e-09 7.652285e-09
3.664367e-09 7.502082e-09
3.700874e-09 7.354828e-09
3.737744e-09 7.210465e-09
3.774982e-09 7.068937e-09
3.812591e-09 6.930187e-09
3.850575e-09 6.794162e-09
3.888937e-09 6.660808e-09
3.927682e-09 6.530073e-09
3.966812e-09 6.401904e-09
4.006332e-09 6.276252e-09
4.046246e-09 6.153067e-09
4.086558e-09 6.032302e-09
4.127271e-09 5.913907e-09
4.168389e-09 5.797838e-09
4.209918e-09 5.684047e-09
4.251860e-09 5.572492e-09
4.294220e-09 5.463126e-09
4.337002e-09 5.355909e-09
4.380210e-09 5.250797e-09
4.423849e-09 5.147749e-09
4.467923e-09 5.046725e-09
4.512435e-09 4.947684e-09
4.557391e-09 4.850589e-09
4.602795e-09 4.755401e-09
4.648651e-09 4.662081e-09
4.694964e-09 4.570595e-09
4.741739e-09 4.480906e-09
4.788980e-09 4.392977e-09
4.836691e-09 4.306776e-09
4.884877e-09 4.222268e-09
4.933544e-09 4.139420e-09
4.982695e-09 4.058199e-09
5.032336e-09 3.978573e-09
5.082472e-09 3.900512e-09
5.133107e-09 3.823984e-09
5.184247e-09 3.748959e-09
5.235896e-09 3.675407e-09
5.288060e-09 3.603301e-09
5.340743e-09 3.532611e-09
5.393951e-09 3.463310e-09
5.447689e-09 3.395370e-09
5.501963e-09 3.328765e-09
5.556778e-09 3.263469e-09
5.612138e-09 3.199455e-09
5.668050e-09 3.136700e-09
5.724519e-09 3.075177e-09
5.781551e-09 3.014863e-09
5.839151e-09 2.955735e-09
5.897324e-09 2.897768e-09
5.956078e-09 2.840941e-09
6.015416e-09 2.785230e-09
6.075346e-09 2.730614e-09
6.135873e-09 2.677072e-09
6.197003e-09 2.624582e-09
6.258742e-09 2.573123e-09
6.321096e-09 2.522677e-09
6.384071e-09 2.473222e-09
6.447674e-09 2.424739e-09
6.511910e-09 2.377209e-09
6.576786e-09 2.330614e-09
6.642309e-09 2.284935e-09
6.708484e-09 2.240154e-09
6.775319e-09 2.196254e-09
6.842819e-09 2.153217e-09
6.910992e-09 2.111027e-09
6.979844e-09 2.069666e-09
7.049382e-09 2.029119e-09
7.119613e-09 1.989370e-09
7.190544e-09 1.950402e-09
7.262181e-09 1.912202e-09
7.334532e-09 1.874753e-09
7.407604e-09 1.838041e-09
7.481403e-09 1.802051e-09
7.555938e-09 1.766770e-09
7.631216e-09 1.732183e-09
7.707243e-09 1.698277e-09
7.784028e-09 1.665039e-09
7.861578e-09 1.632455e-09
7.939901e-09 1.600513e-09
8.019004e-09 1.569200e-09
8.098895e-09 1.538504e-09
8.179582e-09 1.508412e-09
8.261072e-09 1.478914e-09
8.343375e-09 1.449996e-09
8.426497e-09 1.421649e-09
8.510448e-09 1.393860e-09
8.595235e-09 1.366619e-09
8.680867e-09 1.339915e-09
8.767352e-09 1.313738e-09
8.854698e-09 1.288077e-09
8.942915e-09 1.262922e-09
9.032011e-09 1.238264e-09
9.121994e-09 1.214092e-09
9.212874e-09 1.190397e-09
9.304659e-09 1.167170e-09
9.397358e-09 1.144402e-09
9.490981e-09 1.122083e-09
9.585537e-09 1.100205e-09
9.681035e-09 1.078759e-09
9.777484e-09 1.057738e-09
9.874894e-09 1.037131e-09
9.973275e-09 1.016932e-09
1.007264e-08 9.971329e-10
1.017299e-08 9.777250e-10
1.027434e-08 9.587012e-10
1.037670e-08 9.400539e-10
1.048008e-08 9.217757e-10
1.058449e-08 9.038594e-10
1.068994e-08 8.862980e-10
1.079644e-08 8.690846e-10
1.090400e-08 8.522122e-10
1.101263e-08 8.356744e-10
1.112235e-08 8.194645e-10
1.123316e-08 8.035761e-10
1.134507e-08 7.880030e-10
1.145810e-08 7.727390e-10
1.157225e-08 7.577780e-10
1.168754e-08 7.431142e-10
1.180398e-08 7.287417e-10
1.192158e-08 7.146548e-10
1.204035e-08 7.008480e-10
1.216031e-08 6.873158e-10
1.228146e-08 6.740528e-10
1.240381e-08 6.610537e-10
1.252739e-08 6.483134e-10
1.265219e-08 6.358267e-10
1.277824e-08 6.235888e-10
1.290555e-08 6.115947e-10
1.303412e-08 5.998397e-10
1.316398e-08 5.883191e-10
1.329513e-08 5.770282e-10
1.342758e-08 5.659626e-10
1.356136e-08 5.551177e-10
1.369647e-08 5.444893e-10
1.383292e-08 5.340732e-10
1.397073e-08 5.238649e-10
1.410992e-08 5.138606e-10
1.425049e-08 5.040561e-10
1.439247e-08 4.944475e-10
1.453585e-08 4.850309e-10
1.468067e-08 4.758025e-10
1.482693e-08 4.667585e-10
1.497465e-08 4.578952e-10
1.512383e-08 4.492090e-10
1.527451e-08 4.406964e-10
1.542668e-08 4.323539e-10
1.558037e-08 4.241780e-10
1.573560e-08 4.161654e-10
1.589237e-08 4.083129e-10
1.605070e-08 4.006170e-10
1.621061e-08 3.930747e-10
1.637211e-08 3.856829e-10
1.653522e-08 3.784384e-10
1.669995e-08 3.713382e-10
1.686633e-08 3.643793e-10
1.703436e-08 3.575589e-10
1.720407e-08 3.508740e-10
1.737547e-08 3.443219e-10
1.754858e-08 3.378998e-10
1.772341e-08 3.316050e-10
1.789998e-08 3.254348e-10
1.807831e-08 3.193866e-10
1.825842e-08 3.134578e-10
1.844033e-08 3.076459e-10
1.862404e-08 3.019485e-10
1.880959e-08 2.963631e-10
1.899698e-08 2.908873e-10
1.918624e-08 2.855188e-10
1.937739e-08 2.802554e-10
1.957044e-08 2.750948e-10
1.976541e-08 2.700348e-10
1.996233e-08 2.650733e-10
2.016121e-08 2.602082e-10
2.036207e-08 2.554374e-10
2.056493e-08 2.507591e-10
2.076981e-08 2.461711e-10
2.097674e-08 2.416717e-10
2.118572e-08 2.372590e-10
2.139679e-08 2.329312e-10
2.160996e-08 2.286866e-10
2.182525e-08 2.245234e-10
2.204269e-08 2.204401e-10
2.226230e-08 2.164350e-10
2.248409e-08 2.125065e-10
2.270809e-08 2.086533e-10
2.293433e-08 2.048738e-10
2.316281e-08 2.011666e-10
2.339358e-08 1.975303e-10
2.362664e-08 1.939638e-10
2.386203e-08 1.904655e-10
2.409976e-08 1.870344e-10
2.433985e-08 1.836693e-10
2.458235e-08 1.803689e-10
2.482725e-08 1.771322e-10
2.507460e-08 1.739581e-10
2.532441e-08 1.708454e-10
2.557671e-08 1.677933e-10
2.583152e-08 1.648007e-10
2.608887e-08 1.618665e-10
2.634879e-08 1.589899e-10
2.661129e-08 1.561699e-10
2.687641e-08 1.534056e-10
2.714418e-08 1.506960e-10
2.741461e-08 1.480403e-10
2.768773e-08 1.454377e-10
2.796357e-08 1.428871e-10
2.824217e-08 1.403878e-10
2.852353e-08 1.379388e-10
2.880771e-08 1.355394e-10
2.909471e-08 1.331886e-10
2.938457e-08 1.308856e-10
2.967732e-08 1.286295e-10
2.997299e-08 1.264196e-10
3.027160e-08 1.242548e-10
3.057319e-08 1.221344e-10
3.087778e-08 1.200576e-10
3.118540e-08 1.180234e-10
3.149609e-08 1.160310e-10
3.180988e-08 1.140796e-10
3.212679e-08 1.121682e-10
3.244686e-08 1.102962e-10
3.277012e-08 1.084625e-10
3.309660e-08 1.066665e-10
3.342633e-08 1.049071e-10
3.375935e-08 1.031837e-10
3.409568e-08 1.014953e-10
3.443537e-08 9.984120e-11
3.477844e-08 9.822053e-11
3.512492e-08 9.663247e-11
3.547486e-08 9.507625e-11
3.582829e-08 9.355105e-11
3.618523e-08 9.205612e-11
3.654574e-08 9.059068e-11
3.690983e-08 8.915397e-11
3.727755e-08 8.774526e-11
3.764894e-08 8.636382e-11
3.802402e-08 8.500896e-11
3.840285e-08 8.367998e-11
3.878544e-08 8.237623e-11
3.917185e-08 8.109705e-11
3.956211e-08 7.984184e-11
3.995625e-08 7.861001e-11
4.035432e-08 7.740098e-11
4.075636e-08 7.621423e-11
4.116241e-08 7.504923e-11
4.157249e-08 7.390552e-11
4.198667e-08 7.278265e-11
4.240497e-08 7.168018e-11
4.282744e-08 7.059772e-11
4.325411e-08 6.953491e-11
4.368504e-08 6.849141e-11
4.412026e-08 6.746690e-11
4.455982e-08 6.646108e-11
4.500376e-08 6.547368e-11
4.545212e-08 6.450444e-11
4.590494e-08 6.355312e-11
4.636228e-08 6.261948e-11
4.682417e-08 6.170329e-11
4.729067e-08 6.080435e-11
4.776181e-08 5.992242e-11
4.823765e-08 5.905729e-11
4.871822e-08 5.820873e-11
4.920359e-08 5.737651e-11
4.969379e-08 5.656039e-11
5.018887e-08 5.576011e-11
5.068889e-08 5.497542e-11
5.119389e-08 5.420602e-11
5.170392e-08 5.345165e-11
5.221903e-08 5.271199e-11
5.273927e-08 5.198674e-11
5.326470e-08 5.127558e-11
5.379536e-08 5.057819e-11
5.433131e-08 4.989424e-11
5.487259e-08 4.922341e-11
5.541927e-08 4.856538e-11
5.597140e-08 4.791985e-11
5.652902e-08 4.728651e-11
5.709220e-08 4.666509e-11
5.766100e-08 4.605530e-11
5.823546e-08 4.545690e-11
5.881564e-08 4.486967e-11
5.940160e-08 4.429337e-11
5.999340e-08 4.372782e-11
6.059110e-08 4.317284e-11
6.119475e-08 4.262826e-11
6.180441e-08 4.209393e-11
6.242015e-08 4.156969e-11
6.304203e-08 4.105543e-11
6.367010e-08 4.055100e-11
6.430442e-08 4.005629e-11
6.494507e-08 3.957115e-11
6.559210e-08 3.909548e-11
6.624557e-08 3.862913e-11
6.690556e-08 3.817199e-11
6.757212e-08 3.772391e-11
6.824532e-08 3.728476e-11
6.892522e-08 3.685439e-11
6.961191e-08 3.643267e-11
7.030543e-08 3.601945e-11
7.100586e-08 3.561459e-11
7.171327e-08 3.521794e-11
7.242773e-08 3.482937e-11
7.314930e-08 3.444874e-11
7.387807e-08 3.407591e-11
7.461409e-08 3.371076e-11
7.535745e-08 3.335315e-11
7.610822e-08 3.300297e-11
7.686646e-08 3.266009e-11
7.763226e-08 3.232442e-11
7.840568e-08 3.199585e-11
7.918682e-08 3.167427e-11
7.997573e-08 3.135960e-11
8.077250e-08 3.105174e-11
8.157722e-08 3.075059e-11
8.238995e-08 3.045608e-11
8.321077e-08 3.016813e-11
8.403978e-08 2.988664e-11
8.487704e-08 2.961156e-11
8.572265e-08 2.934279e-11
8.657667e-08 2.908027e-11
8.743921e-08 2.882391e-11
8.831034e-08 2.857367e-11
8.919015e-08 2.832945e-11
9.007873e-08 2.809121e-11
9.097615e-08 2.785887e-11
9.188252e-08 2.763236e-11
9.279792e-08 2.741163e-11
9.372244e-08 2.719663e-11
9.465617e-08 2.698728e-11
9.559920e-08 2.678354e-11
9.655163e-08 2.658534e-11
9.751354e-08 2.639263e-11
9.848504e-08 2.620536e-11
9.946622e-08 2.602348e-11
1.004572e-07 2.584693e-11
1.014580e-07 2.567566e-11
1.024688e-07 2.550963e-11
1.034897e-07 2.534879e-11
1.045207e-07 2.519309e-11
1.055620e-07 2.504248e-11
1.066137e-07 2.489693e-11
1.076758e-07 2.475637e-11
1.087486e-07 2.462078e-11
1.098320e-07 2.449009e-11
1.109262e-07 2.436427e-11
1.120314e-07 2.424325e-11
1.131475e-07 2.412698e-11
1.142748e-07 2.401541e-11
1.154132e-07 2.390846e-11
1.165631e-07 2.380607e-11
1.177243e-07 2.370816e-11
1.188972e-07 2.361466e-11
1.200817e-07 2.352549e-11
1.212781e-07 2.344056e-11
1.224863e-07 2.335977e-11
1.237066e-07 2.328302e-11
1.249391e-07 2.321022e-11
1.261838e-07 2.314123e-11
1.274409e-07 2.307593e-11
1.287106e-07 2.301417e-11
1.299929e-07 2.295581e-11
1.312880e-07 2.290068e-11
1.325960e-07 2.284860e-11
1.339170e-07 2.279937e-11
1.352512e-07 2.275280e-11
1.365986e-07 2.270866e-11
1.379595e-07 2.266673e-11
1.393340e-07 2.262677e-11
1.407221e-07 2.258852e-11
1.421241e-07 2.255174e-11
1.435400e-07 2.251614e-11
1.449701e-07 2.248145e-11
1.464144e-07 2.244738e-11
1.478730e-07 2.241364e-11
1.493463e-07 2.237994e-11
1.508341e-07 2.234601e-11
1.523369e-07 2.231157e-11
1.538546e-07 2.227638e-11
1.553874e-07 2.224020e-11
1.569354e-07 2.220283e-11
1.584989e-07 2.216408e-11
1.600780e-07 2.212381e-11
1.616728e-07 2.208192e-11
1.632835e-07 2.203832e-11
1.649103e-07 2.199300e-11
1.665532e-07 2.194596e-11
1.682125e-07 2.189727e-11
1.698884e-07 2.184704e-11
1.715809e-07 2.179544e-11
1.732903e-07 2.174265e-11
1.750168e-07 2.168894e-11
1.767604e-07 2.163458e-11
1.785214e-07 2.157990e-11
1.803000e-07 2.152523e-11
1.820963e-07 2.147094e-11
1.839104e-07 2.141742e-11
1.857427e-07 2.136505e-11
1.875932e-07 2.131422e-11
1.894621e-07 2.126534e-11
1.913497e-07 2.121878e-11
1.932560e-07 2.117493e-11
1.951814e-07 2.113415e-11
1.971259e-07 2.109680e-11
1.990898e-07 2.106320e-11
2.010733e-07 2.103365e-11
2.030765e-07 2.100843e-11
2.050997e-07 2.098779e-11
2.071431e-07 2.097194e-11
2.092068e-07 2.096107e-11
2.112910e-07 2.095534e-11
2.133961e-07 2.095486e-11
2.155221e-07 2.095974e-11
2.176693e-07 2.097003e-11
2.198378e-07 2.098578e-11
2.220280e-07 2.100697e-11
2.242400e-07 2.103356e-11
2.264740e-07 2.106549e-11
2.287303e-07 2.110265e-11
2.310091e-07 2.114489e-11
2.333106e-07 2.119204e-11
2.356350e-07 2.124390e-11
2.379825e-07 2.130024e-11
2.403535e-07 2.136076e-11
2.427481e-07 2.142517e-11
2.451665e-07 2.149314e-11
2.476090e-07 2.156429e-11
2.500759e-07 2.163822e-11
2.525673e-07 2.171453e-11
2.550835e-07 2.179277e-11
2.576249e-07 2.187249e-11
2.601915e-07 2.195320e-11
2.627837e-07 2.203446e-11
2.654018e-07 2.211577e-11
2.680459e-07 2.219667e-11
2.707163e-07 2.227671e-11
2.734134e-07 2.235546e-11
2.761373e-07 2.243250e-11
2.788884e-07 2.250749e-11
2.816669e-07 2.258008e-11
2.844731e-07 2.265001e-11
2.873072e-07 2.271706e-11
2.901695e-07 2.278104e-11
2.930604e-07 2.284187e-11
2.959801e-07 2.289948e-11
2.989288e-07 2.295390e-11
3.019070e-07 2.300519e-11
3.049148e-07 2.305347e-11
3.079526e-07 2.309892e-11
3.110206e-07 2.314174e-11
3.141192e-07 2.318220e-11
3.172487e-07 2.322055e-11
3.204093e-07 2.325714e-11
3.236015e-07 2.329225e-11
3.268254e-07 2.332623e-11
3.300815e-07 2.335940e-11
3.333700e-07 2.339210e-11
3.366913e-07 2.342463e-11
3.400456e-07 2.345732e-11
3.434334e-07 2.349044e-11
3.468549e-07 2.352428e-11
3.503105e-07 2.355908e-11
3.538006e-07 2.359507e-11
3.573254e-07 2.363246e-11
3.608853e-07 2.367140e-11
3.644807e-07 2.371210e-11
3.681119e-07 2.375464e-11
3.717793e-07 2.379917e-11
3.754832e-07 2.384577e-11
3.792240e-07 2.389453e-11
3.830021e-07 2.394547e-11
3.868179e-07 2.399867e-11
3.906716e-07 2.405414e-11
3.945638e-07 2.411191e-11
3.984947e-07 2.417196e-11
4.024648e-07 2.423432e-11
4.064744e-07 2.429894e-11
4.105240e-07 2.436583e-11
4.146139e-07 2.443493e-11
4.187446e-07 2.450623e-11
4.229164e-07 2.457971e-11
4.271298e-07 2.465530e-11
4.313852e-07 2.473300e-11
4.356829e-07 2.481274e-11
4.400235e-07 2.489448e-11
4.444073e-07 2.497820e-11
4.488348e-07 2.506384e-11
4.533065e-07 2.515136e-11
4.578226e-07 2.524073e-11
4.623838e-07 2.533192e-11
4.669903e-07 2.542486e-11
4.716428e-07 2.551955e-11
4.763417e-07 2.561595e-11
4.810873e-07 2.571405e-11
4.858803e-07 2.581381e-11
4.907209e-07 2.591521e-11
4.956098e-07 2.601827e-11
5.005474e-07 2.612297e-11
5.055343e-07 2.622933e-11
5.105707e-07 2.633735e-11
5.156574e-07 2.644704e-11
5.207947e-07 2.655842e-11
5.259833e-07 2.667154e-11
5.312235e-07 2.678644e-11
5.365159e-07 2.690311e-11
5.418611e-07 2.702163e-11
5.472595e-07 2.714207e-11
5.527116e-07 2.726445e-11
5.582181e-07 2.738883e-11
5.637795e-07 2.751528e-11
5.693963e-07 2.764384e-11
5.750690e-07 2.777459e-11
5.807982e-07 2.790760e-11
5.865845e-07 2.804294e-11
5.924285e-07 2.818064e-11
5.983307e-07 2.832079e-11
6.042917e-07 2.846347e-11
6.103121e-07 2.860871e-11
6.163924e-07 2.875660e-11
6.225334e-07 2.890719e-11
6.287355e-07 2.906056e-11
6.349994e-07 2.921678e-11
6.413257e-07 2.937594e-11
6.477150e-07 2.953809e-11
6.541680e-07 2.970331e-11
6.606853e-07 2.987166e-11
6.672675e-07 3.004323e-11
6.739153e-07 3.021807e-11
6.806293e-07 3.039629e-11
6.874102e-07 3.057794e-11
6.942587e-07 3.076306e-11
7.011754e-07 3.095169e-11
7.081610e-07 3.114379e-11
7.152162e-07 3.133936e-11
7.223417e-07 3.153843e-11
7.295381e-07 3.174107e-11
7.368063e-07 3.194740e-11
7.441469e-07 3.215752e-11
7.515606e-07 3.237160e-11
7.590482e-07 3.258976e-11
7.666103e-07 3.281216e-11
7.742478e-07 3.303889e-11
7.819614e-07 3.327005e-11
7.897519e-07 3.350576e-11
7.976200e-07 3.374609e-11
8.055664e-07 3.399109e-11
8.135920e-07 3.424089e-11
8.216976e-07 3.449546e-11
8.298839e-07 3.475488e-11
8.381518e-07 3.501921e-11
8.465021e-07 3.528863e-11
8.549355e-07 3.556322e-11
8.634530e-07 3.584317e-11
8.720553e-07 3.612877e-11
8.807433e-07 3.642028e-11
8.895179e-07 3.671801e-11
8.983799e-07 3.702212e-11
9.073302e-07 3.733269e-11
9.163697e-07 3.764938e-11
9.254992e-07 3.797169e-11
9.347197e-07 3.829974e-11
9.440320e-07 3.863408e-11
9.534371e-07 3.897510e-11
9.629359e-07 3.932335e-11
9.725294e-07 3.967907e-11
9.822184e-07 4.004266e-11
9.920039e-07 4.041405e-11
1.001887e-06 4.079318e-11
1.011868e-06 4.117992e-11
1.021949e-06 4.157424e-11
1.032131e-06 4.197656e-11
1.042414e-06 4.238725e-11
1.052799e-06 4.280739e-11
1.063288e-06 4.323775e-11
1.073881e-06 4.367876e-11
1.084580e-06 4.412896e-11
1.095385e-06 4.458645e-11
1.106298e-06 4.505224e-11
1.117320e-06 4.552784e-11
1.128451e-06 4.601460e-11
1.139694e-06 4.651327e-11
1.151048e-06 4.702354e-11
1.162516e-06 4.754486e-11
1.174097e-06 4.807646e-11
1.185794e-06 4.861911e-11
1.197608e-06 4.917443e-11
1.209540e-06 4.974570e-11
1.221590e-06 5.033318e-11
1.233760e-06 5.093104e-11
1.246052e-06 5.153761e-11
1.258466e-06 5.215690e-11
1.271004e-06 5.279258e-11
1.283666e-06 5.344553e-11
1.296455e-06 5.411341e-11
1.309371e-06 5.479447e-11
1.322416e-06 5.548969e-11
1.335591e-06 5.620565e-11
1.348897e-06 5.694727e-11
1.362336e-06 5.770197e-11
1.375908e-06 5.846508e-11
1.389616e-06 5.924625e-11
1.403460e-06 6.005224e-11
1.417443e-06 6.087936e-11
1.431564e-06 6.172126e-11
1.445826e-06 6.258166e-11
1.460231e-06 6.347690e-11
1.474779e-06 6.440134e-11
1.489471e-06 6.532867e-11
1.504310e-06 6.627631e-11
1.519297e-06 6.725856e-11
1.534434e-06 6.826525e-11
1.549721e-06 6.928649e-11
1.565160e-06 7.034540e-11
1.580753e-06 7.145639e-11
1.596502e-06 7.256398e-11
1.612408e-06 7.369440e-11
1.628471e-06 7.487263e-11
1.644695e-06 7.607185e-11
1.661081e-06 7.729339e-11
1.677630e-06 7.859715e-11
1.694344e-06 7.990526e-11
1.711224e-06 8.122360e-11
1.728272e-06 8.260842e-11
1.745491e-06 8.400891e-11
1.762880e-06 8.545378e-11
1.780443e-06 8.700278e-11
1.798181e-06 8.850860e-11
1.816096e-06 9.008823e-11
1.834189e-06 9.170746e-11
1.852463e-06 9.335248e-11
1.870918e-06 9.515147e-11
1.889558e-06 9.687564e-11
1.908383e-06 9.870886e-11
1.927396e-06 1.005503e-10
1.946598e-06 1.025138e-10
1.965991e-06 1.045378e-10
1.985578e-06 1.065482e-10
2.005359e-06 1.086643e-10
2.025338e-06 1.108048e-10
2.045516e-06 1.131546e-10
2.065895e-06 1.154000e-10
2.086477e-06 1.177933e-10
2.107264e-06 1.202377e-10
2.128258e-06 1.228563e-10
2.149461e-06 1.254496e-10
2.170875e-06 1.280670e-10
2.192503e-06 1.310622e-10
2.214346e-06 1.338178e-10
2.236407e-06 1.368626e-10
2.258688e-06 1.398944e-10
2.281191e-06 1.431488e-10
2.303917e-06 1.465069e-10
2.326871e-06 1.497141e-10
2.350052e-06 1.534782e-10
2.373465e-06 1.571726e-10
2.397111e-06 1.607125e-10
2.420993e-06 1.648637e-10
2.445113e-06 1.690348e-10
2.469473e-06 1.731814e-10
2.494075e-06 1.774800e-10
2.518923e-06 1.820318e-10
2.544018e-06 1.872642e-10
2.569364e-06 1.919397e-10
2.594961e-06 1.966071e-10
2.620814e-06 2.021788e-10
2.646925e-06 2.076668e-10
2.673295e-06 2.141002e-10
2.699928e-06 2.200207e-10
2.726827e-06 2.264326e-10
2.753994e-06 2.326985e-10
2.781431e-06 2.391171e-10
2.809141e-06 2.463873e-10
2.837128e-06 2.532203e-10
2.865393e-06 2.615341e-10
2.893941e-06 2.690100e-10
2.922772e-06 2.782886e-10
2.951891e-06 2.867153e-10
2.981300e-06 2.970854e-10
3.011001e-06 3.072857e-10
3.040999e-06 3.185834e-10
3.071296e-06 3.304757e-10
3.101894e-06 3.408698e-10
3.132797e-06 3.521732e-10
3.164008e-06 3.624929e-10
3.195530e-06 3.791041e-10
3.227367e-06 3.963918e-10
3.259520e-06 4.083262e-10
3.291993e-06 4.227043e-10
3.324791e-06 4.442279e-10
3.357915e-06 4.612268e-10
3.391368e-06 4.767896e-10
3.425156e-06 5.060067e-10
3.459279e-06 5.169872e-10
3.493743e-06 5.499440e-10
3.528550e-06 5.693441e-10
3.563704e-06 6.024428e-10
3.599208e-06 6.188467e-10
3.635066e-06 6.686849e-10
3.671281e-06 6.827422e-10
3.707857e-06 7.334373e-10
3.744797e-06 7.770520e-10
3.782106e-06 7.895416e-10
3.819786e-06 8.438304e-10
3.857841e-06 9.232506e-10
3.896276e-06 9.774405e-10
3.935093e-06 1.010962e-09
3.974297e-06 1.051824e-09
4.013892e-06 1.108006e-09
4.053881e-06 1.175611e-09
4.094269e-06 1.249652e-09
4.135059e-06 1.330110e-09
4.176255e-06 1.427583e-09
4.217862e-06 1.569929e-09
4.259883e-06 1.786163e-09
4.302323e-06 1.956803e-09
4.345186e-06 1.902761e-09
4.388476e-06 2.001951e-09
4.432197e-06 2.528283e-09
4.476353e-06 2.364230e-09
4.520950e-06 2.710931e-09
4.565991e-06 2.884085e-09
4.611480e-06 3.212174e-09
4.657423e-06 3.177357e-09
4.703824e-06 4.456779e-09
4.750687e-06 3.829516e-09
4.798016e-06 3.960784e-09
4.845817e-06 4.933646e-09
4.894095e-06 6.468837e-09
4.942853e-06 7.475121e-09
4.992097e-06 8.155612e-09
5.041832e-06 9.262108e-09
5.092062e-06 9.844070e-09
5.142793e-06 8.655985e-09
5.194029e-06 8.129097e-09
5.245776e-06 9.979655e-09
5.298038e-06 1.516058e-08
5.350821e-06 1.096566e-08
5.404129e-06 2.118560e-08
5.457969e-06 1.362113e-08
5.512345e-06 1.961854e-08
5.567263e-06 2.641692e-08
5.622728e-06 2.005411e-08
5.678746e-06 2.067741e-08
5.735321e-06 2.287303e-08
5.792460e-06 2.519286e-08
5.850169e-06 2.809947e-08
5.908453e-06 3.567140e-08
5.967317e-06 5.458114e-08
6.026767e-06 3.738613e-08
6.086810e-06 4.717104e-08
6.147451e-06 4.494708e-08
6.208696e-06 6.198941e-08
6.270552e-06 5.135234e-08
6.333023e-06 5.484954e-08
6.396117e-06 6.332009e-08
6.459840e-06 7.048056e-08
6.524198e-06 7.436295e-08
6.589196e-06 7.954693e-08
6.654842e-06 9.967522e-08
6.721143e-06 1.145506e-07
6.788103e-06 1.174213e-07
6.855731e-06 1.399350e-07
6.924033e-06 1.797410e-07
6.993015e-06 1.924151e-07
7.062684e-06 2.186673e-07
7.133048e-06 2.658408e-07
7.204112e-06 3.316879e-07
7.275884e-06 3.501293e-07
7.348372e-06 3.947372e-07
7.421582e-06 4.229044e-07
7.495521e-06 4.415727e-07
7.570196e-06 4.407922e-07
7.645616e-06 4.383926e-07
7.721787e-06 4.349175e-07
7.798717e-06 4.307396e-07
7.876413e-06 4.265043e-07
7.954883e-06 4.223354e-07
8.034135e-06 4.181739e-07
8.114177e-06 4.140490e-07
8.195016e-06 4.099648e-07
8.276661e-06 4.059208e-07
8.359119e-06 4.019168e-07
8.442398e-06 3.979522e-07
8.526507e-06 3.940268e-07
8.611454e-06 3.901401e-07
8.697247e-06 3.862917e-07
8.783896e-06 3.824813e-07
8.871407e-06 3.787085e-07
8.959790e-06 3.749729e-07
9.049054e-06 3.712742e-07
9.139207e-06 3.676119e-07
9.230258e-06 3.639858e-07
9.322216e-06 3.603954e-07
9.415091e-06 3.568405e-07
9.508890e-06 3.533206e-07
9.603625e-06 3.498355e-07
9.699303e-06 3.463847e-07
9.795934e-06 3.429680e-07
9.893528e-06 3.395850e-07
9.992094e-06 3.362353e-07
1.009164e-05 3.329187e-07
1.019218e-05 3.296348e-07
1.029372e-05 3.263834e-07
1.039628e-05 3.231639e-07
1.049985e-05 3.199763e-07
1.060446e-05 3.168201e-07
1.071011e-05 3.136950e-07
1.081681e-05 3.106008e-07
1.092457e-05 3.075371e-07
1.103341e-05 3.045036e-07
1.114334e-05 3.015000e-07
1.125435e-05 2.985260e-07
1.136648e-05 2.955814e-07
1.147972e-05 2.926659e-07
1.159409e-05 2.897791e-07
1.170960e-05 2.869208e-07
1.182625e-05 2.840907e-07
1.194408e-05 2.812885e-07
1.206307e-05 2.785139e-07
1.218325e-05 2.757668e-07
1.230463e-05 2.730467e-07
1.242722e-05 2.703534e-07
1.255103e-05 2.676868e-07
1.267607e-05 2.650464e-07
1.280236e-05 2.624321e-07
1.292990e-05 2.598435e-07
1.305872e-05 2.572806e-07
1.318882e-05 2.547428e-07
1.332022e-05 2.522302e-07
1.345292e-05 2.497423e-07
1.358695e-05 2.472789e-07
1.372231e-05 2.448399e-07
1.385902e-05 2.424249e-07
1.399710e-05 2.400338e-07
1.413654e-05 2.376662e-07
1.427738e-05 2.353220e-07
1.441962e-05 2.330009e-07
1.456328e-05 2.307028e-07
1.470837e-05 2.284272e-07
1.485491e-05 2.261742e-07
1.500290e-05 2.239434e-07
1.515237e-05 2.217345e-07
1.530333e-05 2.195475e-07
1.545579e-05 2.173820e-07
1.560977e-05 2.152380e-07
1.576529e-05 2.131150e-07
1.592235e-05 2.110130e-07
1.608098e-05 2.089318e-07
1.624119e-05 2.068710e-07
1.640300e-05 2.048306e-07
1.656642e-05 2.028104e-07
1.673146e-05 2.008100e-07
1.689816e-05 1.988295e-07
1.706651e-05 1.968684e-07
1.723654e-05 1.949267e-07
1.740826e-05 1.930041e-07
1.758169e-05 1.911005e-07
1.775685e-05 1.892157e-07
1.793376e-05 1.873495e-07
1.811243e-05 1.855017e-07
1.829288e-05 1.836722e-07
1.847512e-05 1.818607e-07
1.865918e-05 1.800670e-07
1.884508e-05 1.782911e-07
1.903283e-05 1.765326e-07
1.922245e-05 1.747916e-07
1.941395e-05 1.730677e-07
1.960737e-05 1.713608e-07
1.980271e-05 1.696707e-07
2.000000e-05 1.679973e-07
