# Counting axions with IAXO (arXiv:2606.20826) by B. Grinstein, C. Miro and P. Quilez \cite{Grinstein:2026alk}
# g_disc for 2 axions in the quasi-degenerate scenario from solar axions: experiment IAXO, energy resolution 100 eV, mixing angle pi/16
# sqrt(Delta_m21^2) [eV]    g_IAXO [GeV^-1]    (varphi = pi/16, w_res = 100 eV)
1.000000e-09 8.671675e-08
1.009262e-09 8.513242e-08
1.018610e-09 8.357704e-08
1.028045e-09 8.205007e-08
1.037567e-09 8.055101e-08
1.047177e-09 7.907933e-08
1.056876e-09 7.763454e-08
1.066665e-09 7.621615e-08
1.076545e-09 7.482367e-08
1.086516e-09 7.345663e-08
1.096579e-09 7.211456e-08
1.106736e-09 7.079702e-08
1.116987e-09 6.950355e-08
1.127333e-09 6.823371e-08
1.137774e-09 6.698707e-08
1.148312e-09 6.576321e-08
1.158948e-09 6.456171e-08
1.169683e-09 6.338216e-08
1.180517e-09 6.222416e-08
1.191451e-09 6.108731e-08
1.202486e-09 5.997124e-08
1.213624e-09 5.887556e-08
1.224865e-09 5.779990e-08
1.236210e-09 5.674388e-08
1.247660e-09 5.570717e-08
1.259216e-09 5.468939e-08
1.270879e-09 5.369021e-08
1.282650e-09 5.270928e-08
1.294530e-09 5.174628e-08
1.306520e-09 5.080087e-08
1.318621e-09 4.987273e-08
1.330835e-09 4.896155e-08
1.343161e-09 4.806702e-08
1.355602e-09 4.718883e-08
1.368158e-09 4.632668e-08
1.380830e-09 4.548029e-08
1.393619e-09 4.464936e-08
1.406527e-09 4.383361e-08
1.419555e-09 4.303277e-08
1.432703e-09 4.224656e-08
1.445973e-09 4.147471e-08
1.459366e-09 4.071696e-08
1.472883e-09 3.997306e-08
1.486525e-09 3.924275e-08
1.500293e-09 3.852578e-08
1.514189e-09 3.782191e-08
1.528214e-09 3.713090e-08
1.542369e-09 3.645252e-08
1.556654e-09 3.578653e-08
1.571072e-09 3.513271e-08
1.585624e-09 3.449083e-08
1.600310e-09 3.386068e-08
1.615133e-09 3.324204e-08
1.630092e-09 3.263471e-08
1.645191e-09 3.203847e-08
1.660429e-09 3.145313e-08
1.675808e-09 3.087848e-08
1.691330e-09 3.031433e-08
1.706995e-09 2.976049e-08
1.722805e-09 2.921676e-08
1.738762e-09 2.868297e-08
1.754867e-09 2.815893e-08
1.771121e-09 2.764447e-08
1.787526e-09 2.713941e-08
1.804082e-09 2.664357e-08
1.820792e-09 2.615679e-08
1.837656e-09 2.567891e-08
1.854677e-09 2.520975e-08
1.871855e-09 2.474917e-08
1.889193e-09 2.429701e-08
1.906691e-09 2.385310e-08
1.924351e-09 2.341731e-08
1.942175e-09 2.298948e-08
1.960163e-09 2.256946e-08
1.978319e-09 2.215712e-08
1.996642e-09 2.175231e-08
2.015136e-09 2.135490e-08
2.033800e-09 2.096475e-08
2.052638e-09 2.058172e-08
2.071650e-09 2.020570e-08
2.090838e-09 1.983654e-08
2.110203e-09 1.947413e-08
2.129749e-09 1.911834e-08
2.149475e-09 1.876906e-08
2.169384e-09 1.842615e-08
2.189477e-09 1.808951e-08
2.209756e-09 1.775902e-08
2.230223e-09 1.743456e-08
2.250880e-09 1.711604e-08
2.271728e-09 1.680333e-08
2.292769e-09 1.649634e-08
2.314005e-09 1.619496e-08
2.335438e-09 1.589908e-08
2.357069e-09 1.560861e-08
2.378901e-09 1.532345e-08
2.400935e-09 1.504349e-08
2.423173e-09 1.476866e-08
2.445617e-09 1.449884e-08
2.468268e-09 1.423395e-08
2.491130e-09 1.397390e-08
2.514203e-09 1.371861e-08
2.537490e-09 1.346798e-08
2.560993e-09 1.322192e-08
2.584714e-09 1.298037e-08
2.608654e-09 1.274322e-08
2.632815e-09 1.251041e-08
2.657201e-09 1.228186e-08
2.681813e-09 1.205747e-08
2.706652e-09 1.183719e-08
2.731722e-09 1.162094e-08
2.757023e-09 1.140863e-08
2.782559e-09 1.120021e-08
2.808332e-09 1.099559e-08
2.834343e-09 1.079471e-08
2.860596e-09 1.059750e-08
2.887091e-09 1.040389e-08
2.913832e-09 1.021382e-08
2.940820e-09 1.002723e-08
2.968059e-09 9.844043e-09
2.995549e-09 9.664204e-09
3.023295e-09 9.487651e-09
3.051297e-09 9.314323e-09
3.079559e-09 9.144163e-09
3.108082e-09 8.977112e-09
3.136870e-09 8.813113e-09
3.165924e-09 8.652110e-09
3.195248e-09 8.494050e-09
3.224842e-09 8.338877e-09
3.254712e-09 8.186540e-09
3.284857e-09 8.036987e-09
3.315282e-09 7.890166e-09
3.345989e-09 7.746027e-09
3.376980e-09 7.604523e-09
3.408259e-09 7.465604e-09
3.439826e-09 7.329224e-09
3.471687e-09 7.195335e-09
3.503842e-09 7.063893e-09
3.536296e-09 6.934853e-09
3.569049e-09 6.808171e-09
3.602107e-09 6.683803e-09
3.635470e-09 6.561708e-09
3.669142e-09 6.441845e-09
3.703127e-09 6.324171e-09
3.737426e-09 6.208648e-09
3.772042e-09 6.095236e-09
3.806980e-09 5.983896e-09
3.842241e-09 5.874591e-09
3.877828e-09 5.767283e-09
3.913746e-09 5.661936e-09
3.949995e-09 5.558514e-09
3.986581e-09 5.456983e-09
4.023506e-09 5.357306e-09
4.060772e-09 5.259451e-09
4.098384e-09 5.163385e-09
4.136344e-09 5.069074e-09
4.174655e-09 4.976487e-09
4.213322e-09 4.885591e-09
4.252346e-09 4.796357e-09
4.291732e-09 4.708754e-09
4.331483e-09 4.622751e-09
4.371602e-09 4.538321e-09
4.412093e-09 4.455433e-09
4.452959e-09 4.374061e-09
4.494203e-09 4.294176e-09
4.535829e-09 4.215750e-09
4.577841e-09 4.138758e-09
4.620241e-09 4.063174e-09
4.663035e-09 3.988971e-09
4.706225e-09 3.916124e-09
4.749815e-09 3.844608e-09
4.793808e-09 3.774400e-09
4.838210e-09 3.705476e-09
4.883022e-09 3.637811e-09
4.928250e-09 3.571383e-09
4.973896e-09 3.506169e-09
5.019965e-09 3.442147e-09
5.066461e-09 3.379296e-09
5.113388e-09 3.317594e-09
5.160749e-09 3.257020e-09
5.208549e-09 3.197553e-09
5.256791e-09 3.139173e-09
5.305481e-09 3.081861e-09
5.354621e-09 3.025597e-09
5.404216e-09 2.970361e-09
5.454271e-09 2.916135e-09
5.504790e-09 2.862901e-09
5.555776e-09 2.810640e-09
5.607235e-09 2.759335e-09
5.659170e-09 2.708968e-09
5.711586e-09 2.659522e-09
5.764488e-09 2.610981e-09
5.817880e-09 2.563327e-09
5.871766e-09 2.516545e-09
5.926152e-09 2.470618e-09
5.981041e-09 2.425531e-09
6.036439e-09 2.381269e-09
6.092349e-09 2.337817e-09
6.148778e-09 2.295160e-09
6.205729e-09 2.253283e-09
6.263207e-09 2.212172e-09
6.321218e-09 2.171813e-09
6.379767e-09 2.132192e-09
6.438857e-09 2.093297e-09
6.498495e-09 2.055113e-09
6.558686e-09 2.017628e-09
6.619433e-09 1.980829e-09
6.680744e-09 1.944704e-09
6.742622e-09 1.909239e-09
6.805074e-09 1.874424e-09
6.868104e-09 1.840246e-09
6.931717e-09 1.806694e-09
6.995920e-09 1.773756e-09
7.060718e-09 1.741421e-09
7.126115e-09 1.709679e-09
7.192119e-09 1.678517e-09
7.258734e-09 1.647926e-09
7.325965e-09 1.617896e-09
7.393820e-09 1.588415e-09
7.462303e-09 1.559475e-09
7.531420e-09 1.531064e-09
7.601178e-09 1.503175e-09
7.671581e-09 1.475796e-09
7.742637e-09 1.448919e-09
7.814351e-09 1.422535e-09
7.886729e-09 1.396634e-09
7.959777e-09 1.371208e-09
8.033502e-09 1.346248e-09
8.107910e-09 1.321746e-09
8.183007e-09 1.297693e-09
8.258799e-09 1.274081e-09
8.335294e-09 1.250903e-09
8.412497e-09 1.228150e-09
8.490415e-09 1.205814e-09
8.569055e-09 1.183888e-09
8.648423e-09 1.162364e-09
8.728527e-09 1.141236e-09
8.809372e-09 1.120495e-09
8.890966e-09 1.100136e-09
8.973316e-09 1.080150e-09
9.056428e-09 1.060532e-09
9.140311e-09 1.041273e-09
9.224970e-09 1.022369e-09
9.310413e-09 1.003812e-09
9.396648e-09 9.855969e-10
9.483682e-09 9.677162e-10
9.571522e-09 9.501643e-10
9.660175e-09 9.329353e-10
9.749649e-09 9.160233e-10
9.839952e-09 8.994226e-10
9.931092e-09 8.831274e-10
1.002308e-08 8.671322e-10
1.011591e-08 8.514317e-10
1.020961e-08 8.360203e-10
1.030417e-08 8.208929e-10
1.039961e-08 8.060443e-10
1.049593e-08 7.914695e-10
1.059315e-08 7.771634e-10
1.069126e-08 7.631213e-10
1.079029e-08 7.493382e-10
1.089023e-08 7.358095e-10
1.099110e-08 7.225305e-10
1.109290e-08 7.094968e-10
1.119564e-08 6.967039e-10
1.129934e-08 6.841474e-10
1.140400e-08 6.718230e-10
1.150962e-08 6.597264e-10
1.161623e-08 6.478536e-10
1.172382e-08 6.362005e-10
1.183241e-08 6.247631e-10
1.194200e-08 6.135374e-10
1.205261e-08 6.025197e-10
1.216424e-08 5.917060e-10
1.227691e-08 5.810928e-10
1.239062e-08 5.706764e-10
1.250539e-08 5.604531e-10
1.262121e-08 5.504196e-10
1.273811e-08 5.405722e-10
1.285610e-08 5.309076e-10
1.297517e-08 5.214225e-10
1.309535e-08 5.121136e-10
1.321664e-08 5.029777e-10
1.333906e-08 4.940117e-10
1.346261e-08 4.852123e-10
1.358730e-08 4.765766e-10
1.371315e-08 4.681015e-10
1.384016e-08 4.597842e-10
1.396835e-08 4.516217e-10
1.409773e-08 4.436111e-10
1.422830e-08 4.357497e-10
1.436009e-08 4.280348e-10
1.449310e-08 4.204635e-10
1.462733e-08 4.130333e-10
1.476281e-08 4.057416e-10
1.489955e-08 3.985857e-10
1.503755e-08 3.915632e-10
1.517683e-08 3.846716e-10
1.531740e-08 3.779084e-10
1.545928e-08 3.712712e-10
1.560246e-08 3.647577e-10
1.574698e-08 3.583655e-10
1.589283e-08 3.520924e-10
1.604003e-08 3.459361e-10
1.618860e-08 3.398944e-10
1.633854e-08 3.339652e-10
1.648987e-08 3.281462e-10
1.664260e-08 3.224355e-10
1.679675e-08 3.168309e-10
1.695232e-08 3.113303e-10
1.710934e-08 3.059319e-10
1.726781e-08 3.006336e-10
1.742775e-08 2.954335e-10
1.758917e-08 2.903297e-10
1.775208e-08 2.853203e-10
1.791650e-08 2.804035e-10
1.808245e-08 2.755775e-10
1.824993e-08 2.708405e-10
1.841897e-08 2.661908e-10
1.858957e-08 2.616267e-10
1.876175e-08 2.571464e-10
1.893552e-08 2.527483e-10
1.911091e-08 2.484309e-10
1.928792e-08 2.441925e-10
1.946656e-08 2.400315e-10
1.964687e-08 2.359465e-10
1.982884e-08 2.319360e-10
2.001250e-08 2.279984e-10
2.019786e-08 2.241324e-10
2.038493e-08 2.203365e-10
2.057374e-08 2.166094e-10
2.076430e-08 2.129498e-10
2.095662e-08 2.093563e-10
2.115073e-08 2.058277e-10
2.134663e-08 2.023626e-10
2.154435e-08 1.989600e-10
2.174389e-08 1.956187e-10
2.194529e-08 1.923374e-10
2.214855e-08 1.891151e-10
2.235370e-08 1.859506e-10
2.256074e-08 1.828430e-10
2.276970e-08 1.797912e-10
2.298060e-08 1.767942e-10
2.319345e-08 1.738511e-10
2.340827e-08 1.709608e-10
2.362508e-08 1.681226e-10
2.384390e-08 1.653354e-10
2.406475e-08 1.625985e-10
2.428764e-08 1.599110e-10
2.451260e-08 1.572721e-10
2.473964e-08 1.546810e-10
2.496878e-08 1.521370e-10
2.520005e-08 1.496393e-10
2.543346e-08 1.471871e-10
2.566903e-08 1.447798e-10
2.590678e-08 1.424167e-10
2.614673e-08 1.400970e-10
2.638891e-08 1.378202e-10
2.663333e-08 1.355854e-10
2.688001e-08 1.333922e-10
2.712898e-08 1.312398e-10
2.738025e-08 1.291276e-10
2.763385e-08 1.270549e-10
2.788980e-08 1.250212e-10
2.814812e-08 1.230259e-10
2.840884e-08 1.210682e-10
2.867196e-08 1.191476e-10
2.893753e-08 1.172635e-10
2.920556e-08 1.154152e-10
2.947606e-08 1.136022e-10
2.974908e-08 1.118237e-10
3.002462e-08 1.100793e-10
3.030271e-08 1.083683e-10
3.058338e-08 1.066901e-10
3.086665e-08 1.050440e-10
3.115254e-08 1.034295e-10
3.144108e-08 1.018459e-10
3.173230e-08 1.002927e-10
3.202621e-08 9.876923e-11
3.232284e-08 9.727488e-11
3.262222e-08 9.580908e-11
3.292437e-08 9.437121e-11
3.322933e-08 9.296069e-11
3.353710e-08 9.157693e-11
3.384773e-08 9.021935e-11
3.416123e-08 8.888736e-11
3.447764e-08 8.758040e-11
3.479698e-08 8.629790e-11
3.511928e-08 8.503930e-11
3.544456e-08 8.380407e-11
3.577285e-08 8.259164e-11
3.610419e-08 8.140151e-11
3.643859e-08 8.023314e-11
3.677609e-08 7.908602e-11
3.711672e-08 7.795966e-11
3.746050e-08 7.685357e-11
3.780747e-08 7.576727e-11
3.815765e-08 7.470032e-11
3.851107e-08 7.365226e-11
3.886777e-08 7.262266e-11
3.922777e-08 7.161111e-11
3.959110e-08 7.061721e-11
3.995780e-08 6.964058e-11
4.032790e-08 6.868086e-11
4.070142e-08 6.773768e-11
4.107841e-08 6.681072e-11
4.145888e-08 6.589967e-11
4.184289e-08 6.500423e-11
4.223044e-08 6.412410e-11
4.262159e-08 6.325902e-11
4.301636e-08 6.240875e-11
4.341478e-08 6.157303e-11
4.381690e-08 6.075164e-11
4.422274e-08 5.994436e-11
4.463234e-08 5.915100e-11
4.504573e-08 5.837135e-11
4.546295e-08 5.760523e-11
4.588404e-08 5.685245e-11
4.630903e-08 5.611285e-11
4.673795e-08 5.538625e-11
4.717085e-08 5.467248e-11
4.760775e-08 5.397138e-11
4.804870e-08 5.328278e-11
4.849374e-08 5.260651e-11
4.894290e-08 5.194240e-11
4.939622e-08 5.129028e-11
4.985373e-08 5.064997e-11
5.031549e-08 5.002130e-11
5.078152e-08 4.940407e-11
5.125187e-08 4.879811e-11
5.172657e-08 4.820322e-11
5.220568e-08 4.761921e-11
5.268921e-08 4.704588e-11
5.317723e-08 4.648302e-11
5.366977e-08 4.593045e-11
5.416687e-08 4.538796e-11
5.466857e-08 4.485536e-11
5.517492e-08 4.433244e-11
5.568596e-08 4.381901e-11
5.620174e-08 4.331490e-11
5.672229e-08 4.281991e-11
5.724766e-08 4.233388e-11
5.777790e-08 4.185664e-11
5.831305e-08 4.138802e-11
5.885316e-08 4.092789e-11
5.939827e-08 4.047609e-11
5.994843e-08 4.003250e-11
6.050368e-08 3.959699e-11
6.106408e-08 3.916944e-11
6.162966e-08 3.874976e-11
6.220049e-08 3.833783e-11
6.277660e-08 3.793356e-11
6.335805e-08 3.753685e-11
6.394488e-08 3.714762e-11
6.453715e-08 3.676579e-11
6.513491e-08 3.639126e-11
6.573820e-08 3.602397e-11
6.634708e-08 3.566381e-11
6.696160e-08 3.531073e-11
6.758181e-08 3.496462e-11
6.820777e-08 3.462542e-11
6.883952e-08 3.429304e-11
6.947713e-08 3.396739e-11
7.012064e-08 3.364839e-11
7.077011e-08 3.333595e-11
7.142559e-08 3.303000e-11
7.208715e-08 3.273044e-11
7.275484e-08 3.243720e-11
7.342870e-08 3.215019e-11
7.410882e-08 3.186933e-11
7.479523e-08 3.159454e-11
7.548799e-08 3.132576e-11
7.618718e-08 3.106290e-11
7.689284e-08 3.080589e-11
7.760503e-08 3.055468e-11
7.832383e-08 3.030921e-11
7.904928e-08 3.006940e-11
7.978145e-08 2.983521e-11
8.052040e-08 2.960659e-11
8.126619e-08 2.938349e-11
8.201889e-08 2.916585e-11
8.277857e-08 2.895365e-11
8.354528e-08 2.874682e-11
8.431909e-08 2.854535e-11
8.510007e-08 2.834918e-11
8.588829e-08 2.815827e-11
8.668380e-08 2.797261e-11
8.748668e-08 2.779214e-11
8.829700e-08 2.761684e-11
8.911482e-08 2.744667e-11
8.994022e-08 2.728161e-11
9.077327e-08 2.712162e-11
9.161402e-08 2.696669e-11
9.246257e-08 2.681677e-11
9.331898e-08 2.667185e-11
9.418332e-08 2.653190e-11
9.505566e-08 2.639689e-11
9.593608e-08 2.626681e-11
9.682466e-08 2.614164e-11
9.772147e-08 2.602135e-11
9.862658e-08 2.590592e-11
9.954008e-08 2.579533e-11
1.004620e-07 2.568957e-11
1.013925e-07 2.558862e-11
1.023317e-07 2.549245e-11
1.032795e-07 2.540105e-11
1.042361e-07 2.531441e-11
1.052015e-07 2.523251e-11
1.061759e-07 2.515534e-11
1.071593e-07 2.508286e-11
1.081519e-07 2.501507e-11
1.091536e-07 2.495194e-11
1.101646e-07 2.489346e-11
1.111850e-07 2.483958e-11
1.122148e-07 2.479028e-11
1.132541e-07 2.474553e-11
1.143031e-07 2.470527e-11
1.153618e-07 2.466946e-11
1.164303e-07 2.463805e-11
1.175087e-07 2.461097e-11
1.185971e-07 2.458816e-11
1.196956e-07 2.456952e-11
1.208042e-07 2.455499e-11
1.219231e-07 2.454445e-11
1.230524e-07 2.453780e-11
1.241921e-07 2.453492e-11
1.253424e-07 2.453567e-11
1.265034e-07 2.453991e-11
1.276751e-07 2.454745e-11
1.288576e-07 2.455811e-11
1.300511e-07 2.457169e-11
1.312557e-07 2.458795e-11
1.324714e-07 2.460664e-11
1.336984e-07 2.462748e-11
1.349367e-07 2.465018e-11
1.361865e-07 2.467442e-11
1.374479e-07 2.469985e-11
1.387210e-07 2.472613e-11
1.400058e-07 2.475286e-11
1.413026e-07 2.477964e-11
1.426114e-07 2.480605e-11
1.439323e-07 2.483165e-11
1.452654e-07 2.485599e-11
1.466109e-07 2.487859e-11
1.479688e-07 2.489900e-11
1.493393e-07 2.491674e-11
1.507225e-07 2.493136e-11
1.521186e-07 2.494241e-11
1.535275e-07 2.494947e-11
1.549495e-07 2.495217e-11
1.563847e-07 2.495014e-11
1.578331e-07 2.494308e-11
1.592950e-07 2.493074e-11
1.607704e-07 2.491291e-11
1.622595e-07 2.488945e-11
1.637624e-07 2.486028e-11
1.652792e-07 2.482538e-11
1.668101e-07 2.478482e-11
1.683551e-07 2.473870e-11
1.699144e-07 2.468724e-11
1.714882e-07 2.463068e-11
1.730766e-07 2.456936e-11
1.746796e-07 2.450363e-11
1.762975e-07 2.443394e-11
1.779304e-07 2.436074e-11
1.795785e-07 2.428452e-11
1.812418e-07 2.420582e-11
1.829205e-07 2.412516e-11
1.846147e-07 2.404308e-11
1.863246e-07 2.396014e-11
1.880504e-07 2.387686e-11
1.897922e-07 2.379379e-11
1.915501e-07 2.371141e-11
1.933242e-07 2.363025e-11
1.951148e-07 2.355075e-11
1.969220e-07 2.347338e-11
1.987460e-07 2.339855e-11
2.005868e-07 2.332664e-11
2.024447e-07 2.325800e-11
2.043197e-07 2.319295e-11
2.062122e-07 2.313177e-11
2.081222e-07 2.307471e-11
2.100498e-07 2.302197e-11
2.119953e-07 2.297374e-11
2.139589e-07 2.293018e-11
2.159406e-07 2.289141e-11
2.179407e-07 2.285751e-11
2.199593e-07 2.282855e-11
2.219966e-07 2.280456e-11
2.240528e-07 2.278554e-11
2.261280e-07 2.277145e-11
2.282224e-07 2.276225e-11
2.303363e-07 2.275785e-11
2.324697e-07 2.275814e-11
2.346229e-07 2.276300e-11
2.367960e-07 2.277228e-11
2.389893e-07 2.278580e-11
2.412028e-07 2.280336e-11
2.434369e-07 2.282475e-11
2.456916e-07 2.284972e-11
2.479673e-07 2.287804e-11
2.502640e-07 2.290942e-11
2.525820e-07 2.294360e-11
2.549215e-07 2.298029e-11
2.572826e-07 2.301918e-11
2.596656e-07 2.305999e-11
2.620707e-07 2.310242e-11
2.644980e-07 2.314616e-11
2.669478e-07 2.319094e-11
2.694204e-07 2.323647e-11
2.719158e-07 2.328248e-11
2.744343e-07 2.332874e-11
2.769762e-07 2.337501e-11
2.795416e-07 2.342109e-11
2.821308e-07 2.346680e-11
2.847439e-07 2.351199e-11
2.873813e-07 2.355654e-11
2.900430e-07 2.360036e-11
2.927295e-07 2.364339e-11
2.954408e-07 2.368560e-11
2.981772e-07 2.372700e-11
3.009390e-07 2.376760e-11
3.037264e-07 2.380746e-11
3.065395e-07 2.384666e-11
3.093788e-07 2.388529e-11
3.122443e-07 2.392346e-11
3.151363e-07 2.396131e-11
3.180552e-07 2.399897e-11
3.210011e-07 2.403657e-11
3.239743e-07 2.407427e-11
3.269750e-07 2.411222e-11
3.300035e-07 2.415054e-11
3.330600e-07 2.418940e-11
3.361449e-07 2.422890e-11
3.392583e-07 2.426918e-11
3.424006e-07 2.431035e-11
3.455720e-07 2.435250e-11
3.487727e-07 2.439572e-11
3.520031e-07 2.444008e-11
3.552635e-07 2.448565e-11
3.585540e-07 2.453247e-11
3.618750e-07 2.458058e-11
3.652267e-07 2.463001e-11
3.686095e-07 2.468077e-11
3.720237e-07 2.473288e-11
3.754694e-07 2.478632e-11
3.789471e-07 2.484110e-11
3.824570e-07 2.489720e-11
3.859994e-07 2.495461e-11
3.895746e-07 2.501331e-11
3.931829e-07 2.507330e-11
3.968246e-07 2.513454e-11
4.005001e-07 2.519702e-11
4.042096e-07 2.526073e-11
4.079535e-07 2.532566e-11
4.117320e-07 2.539179e-11
4.155455e-07 2.545912e-11
4.193944e-07 2.552763e-11
4.232789e-07 2.559735e-11
4.271994e-07 2.566825e-11
4.311562e-07 2.574036e-11
4.351497e-07 2.581367e-11
4.391801e-07 2.588820e-11
4.432479e-07 2.596397e-11
4.473533e-07 2.604099e-11
4.514968e-07 2.611928e-11
4.556786e-07 2.619885e-11
4.598992e-07 2.627974e-11
4.641589e-07 2.636196e-11
4.684580e-07 2.644553e-11
4.727970e-07 2.653049e-11
4.771761e-07 2.661686e-11
4.815958e-07 2.670466e-11
4.860564e-07 2.679392e-11
4.905584e-07 2.688467e-11
4.951020e-07 2.697693e-11
4.996877e-07 2.707074e-11
5.043159e-07 2.716613e-11
5.089870e-07 2.726312e-11
5.137014e-07 2.736174e-11
5.184594e-07 2.746202e-11
5.232614e-07 2.756400e-11
5.281080e-07 2.766770e-11
5.329994e-07 2.777315e-11
5.379362e-07 2.788039e-11
5.429186e-07 2.798944e-11
5.479472e-07 2.810034e-11
5.530224e-07 2.821312e-11
5.581446e-07 2.832780e-11
5.633143e-07 2.844442e-11
5.685318e-07 2.856301e-11
5.737976e-07 2.868360e-11
5.791123e-07 2.880622e-11
5.844761e-07 2.893091e-11
5.898896e-07 2.905770e-11
5.953533e-07 2.918663e-11
6.008676e-07 2.931773e-11
6.064329e-07 2.945105e-11
6.120498e-07 2.958662e-11
6.177188e-07 2.972450e-11
6.234402e-07 2.986472e-11
6.292146e-07 3.000735e-11
6.350425e-07 3.015244e-11
6.409244e-07 3.030003e-11
6.468608e-07 3.045019e-11
6.528521e-07 3.060298e-11
6.588990e-07 3.075846e-11
6.650018e-07 3.091668e-11
6.711612e-07 3.107769e-11
6.773776e-07 3.124155e-11
6.836516e-07 3.140831e-11
6.899837e-07 3.157800e-11
6.963745e-07 3.175067e-11
7.028244e-07 3.192635e-11
7.093341e-07 3.210508e-11
7.159041e-07 3.228689e-11
7.225349e-07 3.247184e-11
7.292272e-07 3.265996e-11
7.359814e-07 3.285134e-11
7.427982e-07 3.304603e-11
7.496782e-07 3.324413e-11
7.566219e-07 3.344576e-11
7.636298e-07 3.365100e-11
7.707027e-07 3.385998e-11
7.778411e-07 3.407281e-11
7.850456e-07 3.428958e-11
7.923169e-07 3.451037e-11
7.996555e-07 3.473523e-11
8.070620e-07 3.496421e-11
8.145372e-07 3.519733e-11
8.220816e-07 3.543460e-11
8.296959e-07 3.567607e-11
8.373807e-07 3.592177e-11
8.451366e-07 3.617180e-11
8.529644e-07 3.642631e-11
8.608648e-07 3.668546e-11
8.688383e-07 3.694947e-11
8.768856e-07 3.721855e-11
8.850075e-07 3.749288e-11
8.932046e-07 3.777258e-11
9.014776e-07 3.805769e-11
9.098273e-07 3.834819e-11
9.182543e-07 3.864401e-11
9.267593e-07 3.894512e-11
9.353432e-07 3.925157e-11
9.440065e-07 3.956352e-11
9.527500e-07 3.988130e-11
9.615746e-07 4.020528e-11
9.704809e-07 4.053584e-11
9.794697e-07 4.087323e-11
9.885417e-07 4.121751e-11
9.976978e-07 4.156856e-11
1.006939e-06 4.192619e-11
1.016265e-06 4.229025e-11
1.025678e-06 4.266084e-11
1.035178e-06 4.303837e-11
1.044766e-06 4.342351e-11
1.054443e-06 4.381693e-11
1.064209e-06 4.421899e-11
1.074066e-06 4.462960e-11
1.084014e-06 4.504824e-11
1.094055e-06 4.547440e-11
1.104188e-06 4.590810e-11
1.114415e-06 4.635006e-11
1.124737e-06 4.680148e-11
1.135155e-06 4.726333e-11
1.145669e-06 4.773577e-11
1.156280e-06 4.821803e-11
1.166990e-06 4.870909e-11
1.177799e-06 4.920872e-11
1.188708e-06 4.971811e-11
1.199718e-06 5.023926e-11
1.210830e-06 5.077349e-11
1.222045e-06 5.132013e-11
1.233363e-06 5.187712e-11
1.244787e-06 5.244333e-11
1.256317e-06 5.302032e-11
1.267953e-06 5.361134e-11
1.279697e-06 5.421816e-11
1.291550e-06 5.483904e-11
1.303512e-06 5.547075e-11
1.315586e-06 5.611289e-11
1.327771e-06 5.676962e-11
1.340069e-06 5.744530e-11
1.352481e-06 5.813858e-11
1.365008e-06 5.884375e-11
1.377651e-06 5.955952e-11
1.390411e-06 6.029250e-11
1.403289e-06 6.104837e-11
1.416287e-06 6.182301e-11
1.429405e-06 6.260865e-11
1.442644e-06 6.340804e-11
1.456006e-06 6.423270e-11
1.469492e-06 6.508331e-11
1.483103e-06 6.594681e-11
1.496839e-06 6.682178e-11
1.510703e-06 6.772449e-11
1.524696e-06 6.865820e-11
1.538818e-06 6.960522e-11
1.553071e-06 7.056474e-11
1.567455e-06 7.156025e-11
1.581973e-06 7.258869e-11
1.596626e-06 7.362392e-11
1.611414e-06 7.468130e-11
1.626340e-06 7.578601e-11
1.641403e-06 7.690988e-11
1.656606e-06 7.804184e-11
1.671950e-06 7.922601e-11
1.687436e-06 8.044576e-11
1.703065e-06 8.166376e-11
1.718839e-06 8.293409e-11
1.734759e-06 8.425189e-11
1.750827e-06 8.556345e-11
1.767044e-06 8.693746e-11
1.783410e-06 8.836158e-11
1.799929e-06 8.977264e-11
1.816600e-06 9.126856e-11
1.833425e-06 9.279275e-11
1.850407e-06 9.432069e-11
1.867546e-06 9.596166e-11
1.884843e-06 9.757727e-11
1.902301e-06 9.926815e-11
1.919921e-06 1.010249e-10
1.937703e-06 1.027617e-10
1.955651e-06 1.046520e-10
1.973764e-06 1.064810e-10
1.992046e-06 1.084570e-10
2.010496e-06 1.104219e-10
2.029118e-06 1.124765e-10
2.047912e-06 1.145994e-10
2.066880e-06 1.167347e-10
2.086024e-06 1.190077e-10
2.105345e-06 1.212505e-10
2.124845e-06 1.236806e-10
2.144526e-06 1.260525e-10
2.164389e-06 1.286151e-10
2.184436e-06 1.311598e-10
2.204669e-06 1.338458e-10
2.225089e-06 1.366129e-10
2.245698e-06 1.393663e-10
2.266498e-06 1.424317e-10
2.287491e-06 1.452677e-10
2.308678e-06 1.485578e-10
2.330061e-06 1.516518e-10
2.351643e-06 1.549644e-10
2.373424e-06 1.585580e-10
2.395407e-06 1.618454e-10
2.417594e-06 1.656764e-10
2.439986e-06 1.695566e-10
2.462586e-06 1.731717e-10
2.485395e-06 1.774272e-10
2.508415e-06 1.818061e-10
2.531648e-06 1.858140e-10
2.555097e-06 1.902967e-10
2.578763e-06 1.953456e-10
2.602648e-06 2.001887e-10
2.626754e-06 2.047959e-10
2.651084e-06 2.099218e-10
2.675638e-06 2.157866e-10
2.700421e-06 2.217116e-10
2.725433e-06 2.273909e-10
2.750676e-06 2.330222e-10
2.776153e-06 2.390253e-10
2.801867e-06 2.457281e-10
2.827818e-06 2.529113e-10
2.854010e-06 2.605470e-10
2.880444e-06 2.683535e-10
2.907123e-06 2.764339e-10
2.934050e-06 2.847017e-10
2.961225e-06 2.933615e-10
2.988653e-06 3.023669e-10
3.016334e-06 3.118916e-10
3.044272e-06 3.218170e-10
3.072469e-06 3.322197e-10
3.100927e-06 3.427702e-10
3.129648e-06 3.534567e-10
3.158635e-06 3.640218e-10
3.187891e-06 3.753639e-10
3.217418e-06 3.884123e-10
3.247218e-06 4.046730e-10
3.277295e-06 4.222921e-10
3.307650e-06 4.367110e-10
3.338286e-06 4.484335e-10
3.369206e-06 4.662639e-10
3.400412e-06 4.916261e-10
3.431907e-06 5.071323e-10
3.463694e-06 5.222747e-10
3.495776e-06 5.557265e-10
3.528154e-06 5.707541e-10
3.560833e-06 5.962501e-10
3.593814e-06 6.308237e-10
3.627100e-06 6.455947e-10
3.660695e-06 6.945887e-10
3.694601e-06 7.062670e-10
3.728821e-06 7.614509e-10
3.763358e-06 7.855538e-10
3.798215e-06 8.227917e-10
3.833395e-06 8.949265e-10
3.868901e-06 9.003371e-10
3.904735e-06 9.634020e-10
3.940902e-06 1.060062e-09
3.977403e-06 1.086535e-09
4.014242e-06 1.109670e-09
4.051423e-06 1.185154e-09
4.088948e-06 1.301595e-09
4.126821e-06 1.427889e-09
4.165044e-06 1.544102e-09
4.203622e-06 1.655246e-09
4.242556e-06 1.775780e-09
4.281852e-06 1.910264e-09
4.321511e-06 2.034483e-09
4.361538e-06 2.093869e-09
4.401935e-06 2.094748e-09
4.442707e-06 2.166155e-09
4.483856e-06 2.503482e-09
4.525386e-06 3.073712e-09
4.567301e-06 2.780020e-09
4.609604e-06 2.994709e-09
4.652300e-06 3.906870e-09
4.695390e-06 3.297080e-09
4.738880e-06 4.822098e-09
4.782772e-06 3.837224e-09
4.827071e-06 5.356121e-09
4.871780e-06 5.051778e-09
4.916904e-06 4.887174e-09
4.962445e-06 6.663621e-09
5.008408e-06 8.386042e-09
5.054797e-06 7.308480e-09
5.101615e-06 7.171591e-09
5.148867e-06 7.590729e-09
5.196557e-06 8.310567e-09
5.244689e-06 9.409281e-09
5.293266e-06 1.158739e-08
5.342293e-06 1.729983e-08
5.391775e-06 1.545904e-08
5.441714e-06 1.318528e-08
5.492116e-06 1.916068e-08
5.542986e-06 1.881320e-08
5.594326e-06 2.023556e-08
5.646141e-06 2.193541e-08
5.698437e-06 3.508422e-08
5.751217e-06 2.374204e-08
5.804486e-06 2.726191e-08
5.858248e-06 3.722628e-08
5.912508e-06 4.573524e-08
5.967271e-06 4.668236e-08
6.022541e-06 4.602840e-08
6.078323e-06 4.295698e-08
6.134622e-06 3.986359e-08
6.191442e-06 4.172507e-08
6.248788e-06 4.905473e-08
6.306666e-06 4.487366e-08
6.365079e-06 4.939711e-08
6.424034e-06 4.712571e-08
6.483534e-06 4.983802e-08
6.543586e-06 4.998934e-08
6.604194e-06 4.944086e-08
6.665363e-06 4.931846e-08
6.727099e-06 4.924347e-08
6.789407e-06 4.910730e-08
6.852292e-06 4.883226e-08
6.915759e-06 4.839195e-08
6.979814e-06 4.799030e-08
7.044462e-06 4.758889e-08
7.109709e-06 4.716225e-08
7.175561e-06 4.673375e-08
7.242022e-06 4.631071e-08
7.309099e-06 4.588798e-08
7.376798e-06 4.546759e-08
7.445123e-06 4.505060e-08
7.514081e-06 4.463739e-08
7.583678e-06 4.422786e-08
7.653919e-06 4.382201e-08
7.724811e-06 4.341986e-08
7.796360e-06 4.302140e-08
7.868572e-06 4.262660e-08
7.941452e-06 4.223542e-08
8.015007e-06 4.184783e-08
8.089243e-06 4.146379e-08
8.164168e-06 4.108328e-08
8.239786e-06 4.070627e-08
8.316104e-06 4.033271e-08
8.393129e-06 3.996258e-08
8.470868e-06 3.959585e-08
8.549327e-06 3.923249e-08
8.628513e-06 3.887246e-08
8.708431e-06 3.851573e-08
8.789091e-06 3.816228e-08
8.870497e-06 3.781207e-08
8.952657e-06 3.746507e-08
9.035578e-06 3.712126e-08
9.119268e-06 3.678061e-08
9.203732e-06 3.644308e-08
9.288979e-06 3.610865e-08
9.375015e-06 3.577729e-08
9.461848e-06 3.544897e-08
9.549486e-06 3.512366e-08
9.637935e-06 3.480134e-08
9.727203e-06 3.448197e-08
9.817298e-06 3.416554e-08
9.908228e-06 3.385201e-08
1.000000e-05 3.354136e-08
