# Counting axions with IAXO (arXiv:2606.20826) by B. Grinstein, C. Miro and P. Quilez \cite{Grinstein:2026alk}
# g_disc for 2 axions in the quasi-degenerate scenario from supernova axions: experiment IAXO, energy resolution 0.4 MeV, mixing angle pi/4 (delta = 1, g_aN = 6e-10, weaker nucleon coupling)
# sqrt(Delta_m21^2) [eV]    g_IAXO [GeV^-1]    (varphi = pi/4, w_res = 0.4 MeV, gaN = 6e-10)
1.000000e-09 1.000739e-09
1.005318e-09 9.880792e-10
1.010664e-09 9.756134e-10
1.016038e-09 9.633370e-10
1.021441e-09 9.512460e-10
1.026873e-09 9.393361e-10
1.032333e-09 9.276035e-10
1.037823e-09 9.160444e-10
1.043342e-09 9.046552e-10
1.048890e-09 8.934325e-10
1.054468e-09 8.823730e-10
1.060075e-09 8.714736e-10
1.065712e-09 8.607311e-10
1.071380e-09 8.501428e-10
1.077077e-09 8.397058e-10
1.082804e-09 8.294174e-10
1.088562e-09 8.192752e-10
1.094351e-09 8.092766e-10
1.100171e-09 7.994192e-10
1.106021e-09 7.897008e-10
1.111902e-09 7.801190e-10
1.117815e-09 7.706718e-10
1.123759e-09 7.613569e-10
1.129735e-09 7.521724e-10
1.135743e-09 7.431162e-10
1.141782e-09 7.341863e-10
1.147854e-09 7.253809e-10
1.153958e-09 7.166981e-10
1.160094e-09 7.081360e-10
1.166263e-09 6.996928e-10
1.172465e-09 6.913668e-10
1.178700e-09 6.831563e-10
1.184968e-09 6.750594e-10
1.191269e-09 6.670745e-10
1.197604e-09 6.591998e-10
1.203973e-09 6.514338e-10
1.210375e-09 6.437747e-10
1.216812e-09 6.362209e-10
1.223282e-09 6.287708e-10
1.229787e-09 6.214228e-10
1.236327e-09 6.141753e-10
1.242901e-09 6.070268e-10
1.249511e-09 5.999757e-10
1.256155e-09 5.930205e-10
1.262835e-09 5.861597e-10
1.269551e-09 5.793920e-10
1.276302e-09 5.727158e-10
1.283089e-09 5.661298e-10
1.289912e-09 5.596324e-10
1.296771e-09 5.532225e-10
1.303667e-09 5.468985e-10
1.310600e-09 5.406591e-10
1.317569e-09 5.345030e-10
1.324575e-09 5.284290e-10
1.331619e-09 5.224359e-10
1.338700e-09 5.165222e-10
1.345819e-09 5.106870e-10
1.352976e-09 5.049289e-10
1.360170e-09 4.992469e-10
1.367403e-09 4.936398e-10
1.374675e-09 4.881064e-10
1.381985e-09 4.826457e-10
1.389334e-09 4.772566e-10
1.396722e-09 4.719380e-10
1.404149e-09 4.666889e-10
1.411616e-09 4.615084e-10
1.419123e-09 4.563953e-10
1.426669e-09 4.513488e-10
1.434256e-09 4.463679e-10
1.441883e-09 4.414517e-10
1.449550e-09 4.365993e-10
1.457259e-09 4.318097e-10
1.465008e-09 4.270822e-10
1.472798e-09 4.224157e-10
1.480630e-09 4.178096e-10
1.488504e-09 4.132629e-10
1.496419e-09 4.087749e-10
1.504377e-09 4.043448e-10
1.512377e-09 3.999719e-10
1.520419e-09 3.956553e-10
1.528504e-09 3.913942e-10
1.536632e-09 3.871881e-10
1.544804e-09 3.830360e-10
1.553019e-09 3.789374e-10
1.561277e-09 3.748914e-10
1.569580e-09 3.708975e-10
1.577926e-09 3.669550e-10
1.586317e-09 3.630631e-10
1.594753e-09 3.592212e-10
1.603233e-09 3.554286e-10
1.611759e-09 3.516846e-10
1.620329e-09 3.479886e-10
1.628946e-09 3.443400e-10
1.637608e-09 3.407381e-10
1.646317e-09 3.371823e-10
1.655071e-09 3.336719e-10
1.663872e-09 3.302064e-10
1.672720e-09 3.267851e-10
1.681615e-09 3.234074e-10
1.690558e-09 3.200726e-10
1.699548e-09 3.167803e-10
1.708585e-09 3.135299e-10
1.717671e-09 3.103206e-10
1.726805e-09 3.071521e-10
1.735988e-09 3.040237e-10
1.745219e-09 3.009349e-10
1.754500e-09 2.978852e-10
1.763830e-09 2.948741e-10
1.773209e-09 2.919010e-10
1.782639e-09 2.889654e-10
1.792118e-09 2.860669e-10
1.801648e-09 2.832050e-10
1.811229e-09 2.803792e-10
1.820860e-09 2.775891e-10
1.830543e-09 2.748342e-10
1.840278e-09 2.721141e-10
1.850064e-09 2.694283e-10
1.859902e-09 2.667765e-10
1.869792e-09 2.641581e-10
1.879735e-09 2.615728e-10
1.889731e-09 2.590201e-10
1.899780e-09 2.564997e-10
1.909883e-09 2.540111e-10
1.920039e-09 2.515539e-10
1.930249e-09 2.491277e-10
1.940513e-09 2.467321e-10
1.950833e-09 2.443668e-10
1.961207e-09 2.420312e-10
1.971636e-09 2.397250e-10
1.982120e-09 2.374479e-10
1.992661e-09 2.351995e-10
2.003257e-09 2.329793e-10
2.013910e-09 2.307870e-10
2.024619e-09 2.286222e-10
2.035385e-09 2.264847e-10
2.046209e-09 2.243739e-10
2.057090e-09 2.222897e-10
2.068029e-09 2.202316e-10
2.079026e-09 2.181994e-10
2.090082e-09 2.161926e-10
2.101196e-09 2.142111e-10
2.112370e-09 2.122544e-10
2.123603e-09 2.103223e-10
2.134896e-09 2.084144e-10
2.146248e-09 2.065306e-10
2.157662e-09 2.046704e-10
2.169135e-09 2.028336e-10
2.180670e-09 2.010200e-10
2.192266e-09 1.992291e-10
2.203924e-09 1.974608e-10
2.215644e-09 1.957148e-10
2.227426e-09 1.939907e-10
2.239271e-09 1.922884e-10
2.251179e-09 1.906075e-10
2.263150e-09 1.889478e-10
2.275185e-09 1.873091e-10
2.287284e-09 1.856910e-10
2.299447e-09 1.840932e-10
2.311674e-09 1.825157e-10
2.323967e-09 1.809580e-10
2.336325e-09 1.794200e-10
2.348749e-09 1.779015e-10
2.361239e-09 1.764020e-10
2.373796e-09 1.749216e-10
2.386419e-09 1.734598e-10
2.399109e-09 1.720165e-10
2.411867e-09 1.705915e-10
2.424692e-09 1.691845e-10
2.437586e-09 1.677954e-10
2.450549e-09 1.664238e-10
2.463580e-09 1.650697e-10
2.476681e-09 1.637328e-10
2.489851e-09 1.624129e-10
2.503091e-09 1.611097e-10
2.516402e-09 1.598232e-10
2.529783e-09 1.585531e-10
2.543236e-09 1.572992e-10
2.556760e-09 1.560614e-10
2.570356e-09 1.548394e-10
2.584025e-09 1.536330e-10
2.597766e-09 1.524421e-10
2.611580e-09 1.512665e-10
2.625468e-09 1.501060e-10
2.639429e-09 1.489605e-10
2.653465e-09 1.478297e-10
2.667575e-09 1.467135e-10
2.681761e-09 1.456117e-10
2.696021e-09 1.445242e-10
2.710358e-09 1.434508e-10
2.724771e-09 1.423913e-10
2.739260e-09 1.413455e-10
2.753827e-09 1.403134e-10
2.768471e-09 1.392948e-10
2.783193e-09 1.382895e-10
2.797993e-09 1.372973e-10
2.812872e-09 1.363182e-10
2.827830e-09 1.353520e-10
2.842868e-09 1.343985e-10
2.857985e-09 1.334576e-10
2.873183e-09 1.325293e-10
2.888462e-09 1.316132e-10
2.903822e-09 1.307094e-10
2.919264e-09 1.298176e-10
2.934788e-09 1.289378e-10
2.950394e-09 1.280697e-10
2.966083e-09 1.272134e-10
2.981856e-09 1.263686e-10
2.997713e-09 1.255353e-10
3.013654e-09 1.247133e-10
3.029679e-09 1.239025e-10
3.045790e-09 1.231027e-10
3.061987e-09 1.223140e-10
3.078270e-09 1.215361e-10
3.094639e-09 1.207689e-10
3.111095e-09 1.200124e-10
3.127639e-09 1.192664e-10
3.144271e-09 1.185309e-10
3.160992e-09 1.178057e-10
3.177801e-09 1.170907e-10
3.194699e-09 1.163859e-10
3.211688e-09 1.156911e-10
3.228767e-09 1.150062e-10
3.245936e-09 1.143311e-10
3.263197e-09 1.136658e-10
3.280550e-09 1.130101e-10
3.297995e-09 1.123640e-10
3.315533e-09 1.117274e-10
3.333164e-09 1.111001e-10
3.350889e-09 1.104822e-10
3.368708e-09 1.098734e-10
3.386622e-09 1.092738e-10
3.404631e-09 1.086832e-10
3.422735e-09 1.081015e-10
3.440937e-09 1.075288e-10
3.459234e-09 1.069648e-10
3.477630e-09 1.064096e-10
3.496123e-09 1.058630e-10
3.514714e-09 1.053251e-10
3.533404e-09 1.047956e-10
3.552194e-09 1.042746e-10
3.571083e-09 1.037619e-10
3.590073e-09 1.032576e-10
3.609164e-09 1.027614e-10
3.628357e-09 1.022735e-10
3.647651e-09 1.017936e-10
3.667049e-09 1.013218e-10
3.686549e-09 1.008580e-10
3.706153e-09 1.004021e-10
3.725861e-09 9.995402e-11
3.745674e-09 9.951376e-11
3.765593e-09 9.908125e-11
3.785617e-09 9.865642e-11
3.805748e-09 9.823924e-11
3.825986e-09 9.782963e-11
3.846331e-09 9.742755e-11
3.866785e-09 9.703295e-11
3.887347e-09 9.664578e-11
3.908019e-09 9.626599e-11
3.928801e-09 9.589353e-11
3.949693e-09 9.552835e-11
3.970696e-09 9.517041e-11
3.991811e-09 9.481966e-11
4.013039e-09 9.447606e-11
4.034379e-09 9.413957e-11
4.055832e-09 9.381015e-11
4.077400e-09 9.348776e-11
4.099083e-09 9.317235e-11
4.120880e-09 9.286390e-11
4.142794e-09 9.256235e-11
4.164824e-09 9.226768e-11
4.186971e-09 9.197985e-11
4.209237e-09 9.169883e-11
4.231620e-09 9.142458e-11
4.254123e-09 9.115707e-11
4.276745e-09 9.089627e-11
4.299487e-09 9.064213e-11
4.322351e-09 9.039464e-11
4.345336e-09 9.015377e-11
4.368443e-09 8.991948e-11
4.391673e-09 8.969174e-11
4.415027e-09 8.947053e-11
4.438505e-09 8.925582e-11
4.462107e-09 8.904759e-11
4.485835e-09 8.884580e-11
4.509690e-09 8.865043e-11
4.533671e-09 8.846145e-11
4.557780e-09 8.827885e-11
4.582017e-09 8.810258e-11
4.606383e-09 8.793263e-11
4.630878e-09 8.776898e-11
4.655504e-09 8.761158e-11
4.680260e-09 8.746042e-11
4.705148e-09 8.731548e-11
4.730169e-09 8.717673e-11
4.755323e-09 8.704413e-11
4.780610e-09 8.691767e-11
4.806032e-09 8.679731e-11
4.831589e-09 8.668303e-11
4.857282e-09 8.657478e-11
4.883112e-09 8.647255e-11
4.909079e-09 8.637631e-11
4.935184e-09 8.628601e-11
4.961428e-09 8.620161e-11
4.987811e-09 8.612309e-11
5.014335e-09 8.605040e-11
5.041000e-09 8.598349e-11
5.067806e-09 8.592233e-11
5.094755e-09 8.586687e-11
5.121848e-09 8.581704e-11
5.149084e-09 8.577281e-11
5.176466e-09 8.573411e-11
5.203993e-09 8.570087e-11
5.231666e-09 8.567304e-11
5.259486e-09 8.565053e-11
5.287455e-09 8.563327e-11
5.315572e-09 8.562118e-11
5.343839e-09 8.561418e-11
5.372256e-09 8.561215e-11
5.400824e-09 8.561501e-11
5.429544e-09 8.562264e-11
5.458416e-09 8.563493e-11
5.487443e-09 8.565174e-11
5.516623e-09 8.567296e-11
5.545959e-09 8.569842e-11
5.575451e-09 8.572799e-11
5.605100e-09 8.576148e-11
5.634906e-09 8.579874e-11
5.664871e-09 8.583956e-11
5.694995e-09 8.588375e-11
5.725279e-09 8.593110e-11
5.755725e-09 8.598138e-11
5.786332e-09 8.603434e-11
5.817102e-09 8.608974e-11
5.848035e-09 8.614730e-11
5.879134e-09 8.620674e-11
5.910397e-09 8.626774e-11
5.941827e-09 8.632999e-11
5.973424e-09 8.639316e-11
6.005189e-09 8.645687e-11
6.037123e-09 8.652076e-11
6.069226e-09 8.658444e-11
6.101501e-09 8.664749e-11
6.133947e-09 8.670947e-11
6.166565e-09 8.676995e-11
6.199357e-09 8.682845e-11
6.232324e-09 8.688448e-11
6.265465e-09 8.693753e-11
6.298783e-09 8.698710e-11
6.332278e-09 8.703263e-11
6.365952e-09 8.707356e-11
6.399804e-09 8.710935e-11
6.433836e-09 8.713940e-11
6.468049e-09 8.716311e-11
6.502445e-09 8.717991e-11
6.537023e-09 8.718917e-11
6.571785e-09 8.719029e-11
6.606732e-09 8.718266e-11
6.641864e-09 8.716569e-11
6.677184e-09 8.713875e-11
6.712691e-09 8.710128e-11
6.748387e-09 8.705271e-11
6.784273e-09 8.699248e-11
6.820350e-09 8.692006e-11
6.856619e-09 8.683498e-11
6.893080e-09 8.673676e-11
6.929736e-09 8.662500e-11
6.966586e-09 8.649934e-11
7.003632e-09 8.635946e-11
7.040876e-09 8.620513e-11
7.078317e-09 8.603617e-11
7.115957e-09 8.585249e-11
7.153798e-09 8.565409e-11
7.191840e-09 8.544108e-11
7.230084e-09 8.521363e-11
7.268531e-09 8.497209e-11
7.307183e-09 8.471693e-11
7.346041e-09 8.444878e-11
7.385105e-09 8.416855e-11
7.424377e-09 8.387734e-11
7.463857e-09 8.357647e-11
7.503548e-09 8.326736e-11
7.543450e-09 8.295147e-11
7.583564e-09 8.263029e-11
7.623891e-09 8.230527e-11
7.664432e-09 8.197788e-11
7.705190e-09 8.164952e-11
7.746164e-09 8.132155e-11
7.787355e-09 8.099529e-11
7.828766e-09 8.067196e-11
7.870397e-09 8.035275e-11
7.912250e-09 8.003872e-11
7.954325e-09 7.973091e-11
7.996624e-09 7.943024e-11
8.039148e-09 7.913757e-11
8.081897e-09 7.885367e-11
8.124875e-09 7.857922e-11
8.168080e-09 7.831485e-11
8.211516e-09 7.806108e-11
8.255182e-09 7.781839e-11
8.299081e-09 7.758714e-11
8.343213e-09 7.736765e-11
8.387580e-09 7.716017e-11
8.432183e-09 7.696486e-11
8.477022e-09 7.678184e-11
8.522101e-09 7.661114e-11
8.567419e-09 7.645274e-11
8.612978e-09 7.630658e-11
8.658779e-09 7.617250e-11
8.704824e-09 7.605032e-11
8.751114e-09 7.593979e-11
8.797650e-09 7.584061e-11
8.844433e-09 7.575245e-11
8.891465e-09 7.567491e-11
8.938747e-09 7.560755e-11
8.986281e-09 7.554989e-11
9.034068e-09 7.550143e-11
9.082108e-09 7.546162e-11
9.130404e-09 7.542987e-11
9.178957e-09 7.540559e-11
9.227768e-09 7.538814e-11
9.276839e-09 7.537688e-11
9.326170e-09 7.537116e-11
9.375764e-09 7.537030e-11
9.425622e-09 7.537365e-11
9.475744e-09 7.538055e-11
9.526134e-09 7.539036e-11
9.576791e-09 7.540243e-11
9.627717e-09 7.541619e-11
9.678915e-09 7.543104e-11
9.730384e-09 7.544648e-11
9.782128e-09 7.546202e-11
9.834146e-09 7.547724e-11
9.886441e-09 7.549178e-11
9.939015e-09 7.550535e-11
9.991867e-09 7.551772e-11
1.004500e-08 7.552874e-11
1.009842e-08 7.553838e-11
1.015212e-08 7.554664e-11
1.020610e-08 7.555365e-11
1.026038e-08 7.555960e-11
1.031494e-08 7.556479e-11
1.036979e-08 7.556961e-11
1.042493e-08 7.557451e-11
1.048037e-08 7.558006e-11
1.053610e-08 7.558686e-11
1.059213e-08 7.559561e-11
1.064846e-08 7.560709e-11
1.070508e-08 7.562209e-11
1.076201e-08 7.564150e-11
1.081924e-08 7.566618e-11
1.087677e-08 7.569708e-11
1.093461e-08 7.573512e-11
1.099276e-08 7.578124e-11
1.105121e-08 7.583635e-11
1.110998e-08 7.590136e-11
1.116906e-08 7.597709e-11
1.122845e-08 7.606433e-11
1.128816e-08 7.616379e-11
1.134819e-08 7.627608e-11
1.140854e-08 7.640170e-11
1.146921e-08 7.654100e-11
1.153020e-08 7.669419e-11
1.159151e-08 7.686130e-11
1.165315e-08 7.704215e-11
1.171512e-08 7.723634e-11
1.177742e-08 7.744327e-11
1.184004e-08 7.766200e-11
1.190301e-08 7.789138e-11
1.196630e-08 7.812992e-11
1.202994e-08 7.837581e-11
1.209391e-08 7.862697e-11
1.215822e-08 7.888097e-11
1.222287e-08 7.913509e-11
1.228787e-08 7.938634e-11
1.235321e-08 7.963151e-11
1.241891e-08 7.986723e-11
1.248495e-08 8.009009e-11
1.255134e-08 8.029675e-11
1.261808e-08 8.048415e-11
1.268518e-08 8.064976e-11
1.275264e-08 8.079204e-11
1.282045e-08 8.091102e-11
1.288863e-08 8.100824e-11
1.295717e-08 8.108632e-11
1.302607e-08 8.114839e-11
1.309534e-08 8.119775e-11
1.316497e-08 8.123776e-11
1.323498e-08 8.127163e-11
1.330536e-08 8.130237e-11
1.337612e-08 8.133263e-11
1.344725e-08 8.136472e-11
1.351875e-08 8.140047e-11
1.359064e-08 8.144128e-11
1.366291e-08 8.148809e-11
1.373557e-08 8.154137e-11
1.380861e-08 8.160115e-11
1.388204e-08 8.166708e-11
1.395586e-08 8.173844e-11
1.403008e-08 8.181423e-11
1.410468e-08 8.189323e-11
1.417969e-08 8.197406e-11
1.425509e-08 8.205528e-11
1.433090e-08 8.213549e-11
1.440710e-08 8.221340e-11
1.448372e-08 8.228788e-11
1.456074e-08 8.235811e-11
1.463817e-08 8.242359e-11
1.471601e-08 8.248415e-11
1.479426e-08 8.254006e-11
1.487293e-08 8.259199e-11
1.495202e-08 8.264095e-11
1.503153e-08 8.268829e-11
1.511147e-08 8.273563e-11
1.519183e-08 8.278470e-11
1.527261e-08 8.283732e-11
1.535383e-08 8.289517e-11
1.543547e-08 8.295969e-11
1.551756e-08 8.303196e-11
1.560007e-08 8.311248e-11
1.568303e-08 8.320106e-11
1.576643e-08 8.329673e-11
1.585027e-08 8.339760e-11
1.593456e-08 8.350086e-11
1.601929e-08 8.360280e-11
1.610448e-08 8.369892e-11
1.619012e-08 8.378419e-11
1.627621e-08 8.385345e-11
1.636276e-08 8.390209e-11
1.644978e-08 8.392730e-11
1.653725e-08 8.392963e-11
1.662519e-08 8.391338e-11
1.671360e-08 8.388501e-11
1.680248e-08 8.385128e-11
1.689183e-08 8.381837e-11
1.698165e-08 8.379138e-11
1.707196e-08 8.377405e-11
1.716274e-08 8.376871e-11
1.725401e-08 8.377625e-11
1.734576e-08 8.379635e-11
1.743800e-08 8.382758e-11
1.753073e-08 8.386776e-11
1.762395e-08 8.391430e-11
1.771767e-08 8.396451e-11
1.781189e-08 8.401597e-11
1.790661e-08 8.406683e-11
1.800183e-08 8.411606e-11
1.809756e-08 8.416357e-11
1.819380e-08 8.421025e-11
1.829055e-08 8.425789e-11
1.838781e-08 8.430890e-11
1.848559e-08 8.436604e-11
1.858389e-08 8.443193e-11
1.868272e-08 8.450855e-11
1.878206e-08 8.459681e-11
1.888194e-08 8.469601e-11
1.898235e-08 8.480357e-11
1.908329e-08 8.491491e-11
1.918477e-08 8.502358e-11
1.928679e-08 8.512196e-11
1.938935e-08 8.520272e-11
1.949246e-08 8.526155e-11
1.959612e-08 8.530019e-11
1.970032e-08 8.532608e-11
1.980508e-08 8.534852e-11
1.991040e-08 8.537565e-11
2.001628e-08 8.541313e-11
2.012272e-08 8.546382e-11
2.022973e-08 8.552783e-11
2.033730e-08 8.560314e-11
2.044545e-08 8.568629e-11
2.055417e-08 8.577335e-11
2.066347e-08 8.586084e-11
2.077336e-08 8.594642e-11
2.088382e-08 8.602954e-11
2.099488e-08 8.611147e-11
2.110652e-08 8.619510e-11
2.121876e-08 8.628422e-11
2.133160e-08 8.638255e-11
2.144503e-08 8.649246e-11
2.155907e-08 8.661390e-11
2.167371e-08 8.674344e-11
2.178897e-08 8.687406e-11
2.190484e-08 8.699599e-11
2.202132e-08 8.709936e-11
2.213842e-08 8.717964e-11
2.225615e-08 8.724175e-11
2.237450e-08 8.729707e-11
2.249348e-08 8.735672e-11
2.261309e-08 8.742775e-11
2.273334e-08 8.751238e-11
2.285423e-08 8.760866e-11
2.297577e-08 8.771211e-11
2.309794e-08 8.781760e-11
2.322077e-08 8.792127e-11
2.334425e-08 8.802190e-11
2.346839e-08 8.812126e-11
2.359319e-08 8.822361e-11
2.371865e-08 8.833395e-11
2.384478e-08 8.845580e-11
2.397158e-08 8.858887e-11
2.409905e-08 8.872746e-11
2.422721e-08 8.886060e-11
2.435604e-08 8.897590e-11
2.448556e-08 8.906774e-11
2.461576e-08 8.914322e-11
2.474666e-08 8.921664e-11
2.487826e-08 8.929953e-11
2.501056e-08 8.939622e-11
2.514355e-08 8.950450e-11
2.527726e-08 8.961847e-11
2.541168e-08 8.973225e-11
2.554681e-08 8.984299e-11
2.568266e-08 8.995229e-11
2.581923e-08 9.006533e-11
2.595653e-08 9.018800e-11
2.609456e-08 9.032273e-11
2.623332e-08 9.046499e-11
2.637283e-08 9.060260e-11
2.651307e-08 9.072152e-11
2.665406e-08 9.081803e-11
2.679580e-08 9.090382e-11
2.693829e-08 9.099493e-11
2.708154e-08 9.109963e-11
2.722555e-08 9.121642e-11
2.737033e-08 9.133839e-11
2.751588e-08 9.145919e-11
2.766220e-08 9.157740e-11
2.780930e-08 9.169748e-11
2.795718e-08 9.182636e-11
2.810585e-08 9.196733e-11
2.825530e-08 9.211424e-11
2.840556e-08 9.225207e-11
2.855661e-08 9.236848e-11
2.870847e-08 9.246844e-11
2.886113e-08 9.256942e-11
2.901461e-08 9.268335e-11
2.916890e-08 9.280933e-11
2.932401e-08 9.293948e-11
2.947994e-08 9.306772e-11
2.963671e-08 9.319520e-11
2.979431e-08 9.332907e-11
2.995275e-08 9.347472e-11
3.011203e-08 9.362692e-11
3.027215e-08 9.376961e-11
3.043313e-08 9.389157e-11
3.059497e-08 9.400205e-11
3.075766e-08 9.411940e-11
3.092122e-08 9.425022e-11
3.108565e-08 9.438822e-11
3.125096e-08 9.452542e-11
3.141714e-08 9.466201e-11
3.158421e-08 9.480547e-11
3.175216e-08 9.496019e-11
3.192101e-08 9.511673e-11
3.209076e-08 9.525801e-11
3.226141e-08 9.538226e-11
3.243297e-08 9.550705e-11
3.260543e-08 9.564453e-11
3.277882e-08 9.579024e-11
3.295313e-08 9.593575e-11
3.312836e-08 9.608169e-11
3.330453e-08 9.623598e-11
3.348164e-08 9.639924e-11
3.365968e-08 9.655664e-11
3.383867e-08 9.669635e-11
3.401862e-08 9.682972e-11
3.419952e-08 9.697331e-11
3.438138e-08 9.712632e-11
3.456421e-08 9.727999e-11
3.474801e-08 9.743490e-11
3.493279e-08 9.759860e-11
3.511856e-08 9.776788e-11
3.530531e-08 9.792622e-11
3.549305e-08 9.807065e-11
3.568179e-08 9.821826e-11
3.587154e-08 9.837686e-11
3.606229e-08 9.853861e-11
3.625406e-08 9.870117e-11
3.644685e-08 9.887150e-11
3.664066e-08 9.904656e-11
3.683551e-08 9.921078e-11
3.703139e-08 9.936430e-11
3.722831e-08 9.952393e-11
3.742628e-08 9.969221e-11
3.762530e-08 9.986185e-11
3.782538e-08 1.000358e-10
3.802653e-08 1.002169e-10
3.822874e-08 1.003926e-10
3.843203e-08 1.005567e-10
3.863640e-08 1.007237e-10
3.884186e-08 1.008992e-10
3.904841e-08 1.010769e-10
3.925606e-08 1.012593e-10
3.946481e-08 1.014471e-10
3.967467e-08 1.016274e-10
3.988565e-08 1.018001e-10
4.009775e-08 1.019790e-10
4.031098e-08 1.021638e-10
4.052534e-08 1.023513e-10
4.074084e-08 1.025449e-10
4.095749e-08 1.027362e-10
4.117529e-08 1.029188e-10
4.139425e-08 1.031045e-10
4.161437e-08 1.032968e-10
4.183566e-08 1.034923e-10
4.205813e-08 1.036930e-10
4.228179e-08 1.038912e-10
4.250663e-08 1.040828e-10
4.273267e-08 1.042785e-10
4.295991e-08 1.044798e-10
4.318836e-08 1.046851e-10
4.341802e-08 1.048936e-10
4.364890e-08 1.050967e-10
4.388101e-08 1.052983e-10
4.411436e-08 1.055060e-10
4.434895e-08 1.057180e-10
4.458478e-08 1.059339e-10
4.482187e-08 1.061472e-10
4.506022e-08 1.063575e-10
4.529984e-08 1.065730e-10
4.554073e-08 1.067931e-10
4.578290e-08 1.070169e-10
4.602636e-08 1.072388e-10
4.627112e-08 1.074586e-10
4.651717e-08 1.076834e-10
4.676454e-08 1.079130e-10
4.701322e-08 1.081453e-10
4.726322e-08 1.083750e-10
4.751455e-08 1.086054e-10
4.776722e-08 1.088412e-10
4.802124e-08 1.090810e-10
4.827660e-08 1.093213e-10
4.853332e-08 1.095600e-10
4.879141e-08 1.098027e-10
4.905086e-08 1.100503e-10
4.931170e-08 1.102999e-10
4.957393e-08 1.105483e-10
4.983755e-08 1.107993e-10
5.010257e-08 1.110554e-10
5.036900e-08 1.113142e-10
5.063685e-08 1.115724e-10
5.090612e-08 1.118330e-10
5.117682e-08 1.120985e-10
5.144897e-08 1.123667e-10
5.172256e-08 1.126349e-10
5.199760e-08 1.129060e-10
5.227411e-08 1.131818e-10
5.255209e-08 1.134599e-10
5.283155e-08 1.137385e-10
5.311249e-08 1.140210e-10
5.339493e-08 1.143078e-10
5.367887e-08 1.145961e-10
5.396431e-08 1.148863e-10
5.425128e-08 1.151812e-10
5.453977e-08 1.154792e-10
5.482980e-08 1.157786e-10
5.512137e-08 1.160818e-10
5.541449e-08 1.163893e-10
5.570917e-08 1.166987e-10
5.600541e-08 1.170111e-10
5.630323e-08 1.173281e-10
5.660264e-08 1.176479e-10
5.690363e-08 1.179703e-10
5.720623e-08 1.182972e-10
5.751044e-08 1.186275e-10
5.781626e-08 1.189606e-10
5.812371e-08 1.192981e-10
5.843280e-08 1.196393e-10
5.874352e-08 1.199836e-10
5.905591e-08 1.203323e-10
5.936995e-08 1.206849e-10
5.968566e-08 1.210409e-10
6.000305e-08 1.214015e-10
6.032213e-08 1.217661e-10
6.064290e-08 1.221344e-10
6.096539e-08 1.225074e-10
6.128958e-08 1.228843e-10
6.161550e-08 1.232655e-10
6.194316e-08 1.236514e-10
6.227255e-08 1.240414e-10
6.260370e-08 1.244361e-10
6.293661e-08 1.248355e-10
6.327129e-08 1.252392e-10
6.360774e-08 1.256480e-10
6.394599e-08 1.260615e-10
6.428604e-08 1.264799e-10
6.462789e-08 1.269033e-10
6.497157e-08 1.273315e-10
6.531707e-08 1.277651e-10
6.566440e-08 1.282037e-10
6.601359e-08 1.286476e-10
6.636463e-08 1.290968e-10
6.671754e-08 1.295514e-10
6.707232e-08 1.300115e-10
6.742899e-08 1.304772e-10
6.778756e-08 1.309485e-10
6.814803e-08 1.314256e-10
6.851043e-08 1.319085e-10
6.887474e-08 1.323972e-10
6.924100e-08 1.328919e-10
6.960920e-08 1.333927e-10
6.997936e-08 1.338995e-10
7.035149e-08 1.344126e-10
7.072560e-08 1.349320e-10
7.110170e-08 1.354578e-10
7.147980e-08 1.359900e-10
7.185991e-08 1.365289e-10
7.224204e-08 1.370743e-10
7.262620e-08 1.376266e-10
7.301241e-08 1.381856e-10
7.340067e-08 1.387516e-10
7.379099e-08 1.393246e-10
7.418339e-08 1.399046e-10
7.457787e-08 1.404920e-10
7.497446e-08 1.410865e-10
7.537315e-08 1.416886e-10
7.577396e-08 1.422981e-10
7.617691e-08 1.429152e-10
7.658199e-08 1.435399e-10
7.698923e-08 1.441725e-10
7.739864e-08 1.448128e-10
7.781022e-08 1.454612e-10
7.822400e-08 1.461177e-10
7.863997e-08 1.467823e-10
7.905815e-08 1.474553e-10
7.947856e-08 1.481366e-10
7.990121e-08 1.488264e-10
8.032610e-08 1.495249e-10
8.075325e-08 1.502321e-10
8.118267e-08 1.509481e-10
8.161438e-08 1.516731e-10
8.204838e-08 1.524072e-10
8.248469e-08 1.531505e-10
8.292332e-08 1.539031e-10
8.336428e-08 1.546651e-10
8.380759e-08 1.554366e-10
8.425325e-08 1.562177e-10
8.470128e-08 1.570087e-10
8.515170e-08 1.578095e-10
8.560451e-08 1.586205e-10
8.605973e-08 1.594416e-10
8.651737e-08 1.602731e-10
8.697745e-08 1.611147e-10
8.743997e-08 1.619672e-10
8.790495e-08 1.628304e-10
8.837240e-08 1.637046e-10
8.884234e-08 1.645896e-10
8.931478e-08 1.654858e-10
8.978973e-08 1.663933e-10
9.026721e-08 1.673121e-10
9.074722e-08 1.682426e-10
9.122979e-08 1.691850e-10
9.171492e-08 1.701392e-10
9.220263e-08 1.711055e-10
9.269294e-08 1.720840e-10
9.318586e-08 1.730750e-10
9.368139e-08 1.740785e-10
9.417956e-08 1.750950e-10
9.468038e-08 1.761244e-10
9.518386e-08 1.771666e-10
9.569002e-08 1.782223e-10
9.619888e-08 1.792913e-10
9.671043e-08 1.803742e-10
9.722471e-08 1.814709e-10
9.774172e-08 1.825817e-10
9.826149e-08 1.837066e-10
9.878401e-08 1.848461e-10
9.930932e-08 1.860004e-10
9.983742e-08 1.871695e-10
1.003683e-07 1.883537e-10
1.009021e-07 1.895531e-10
1.014386e-07 1.907680e-10
1.019780e-07 1.919988e-10
1.025203e-07 1.932456e-10
1.030655e-07 1.945086e-10
1.036136e-07 1.957880e-10
1.041646e-07 1.970843e-10
1.047185e-07 1.983976e-10
1.052753e-07 1.997280e-10
1.058352e-07 2.010758e-10
1.063980e-07 2.024414e-10
1.069638e-07 2.038250e-10
1.075326e-07 2.052269e-10
1.081044e-07 2.066473e-10
1.086793e-07 2.080866e-10
1.092572e-07 2.095450e-10
1.098382e-07 2.110231e-10
1.104223e-07 2.125207e-10
1.110095e-07 2.140382e-10
1.115998e-07 2.155761e-10
1.121932e-07 2.171346e-10
1.127898e-07 2.187142e-10
1.133896e-07 2.203151e-10
1.139926e-07 2.219376e-10
1.145988e-07 2.235823e-10
1.152082e-07 2.252491e-10
1.158208e-07 2.269384e-10
1.164367e-07 2.286511e-10
1.170559e-07 2.303869e-10
1.176784e-07 2.321464e-10
1.183042e-07 2.339304e-10
1.189333e-07 2.357392e-10
1.195657e-07 2.375726e-10
1.202015e-07 2.394313e-10
1.208407e-07 2.413158e-10
1.214833e-07 2.432265e-10
1.221293e-07 2.451639e-10
1.227788e-07 2.471284e-10
1.234317e-07 2.491206e-10
1.240881e-07 2.511404e-10
1.247479e-07 2.531885e-10
1.254113e-07 2.552658e-10
1.260782e-07 2.573723e-10
1.267486e-07 2.595090e-10
1.274227e-07 2.616760e-10
1.281003e-07 2.638737e-10
1.287815e-07 2.661028e-10
1.294663e-07 2.683642e-10
1.301547e-07 2.706575e-10
1.308469e-07 2.729842e-10
1.315427e-07 2.753450e-10
1.322422e-07 2.777395e-10
1.329454e-07 2.801685e-10
1.336524e-07 2.826331e-10
1.343631e-07 2.851338e-10
1.350776e-07 2.876713e-10
1.357959e-07 2.902462e-10
1.365180e-07 2.928582e-10
1.372440e-07 2.955097e-10
1.379738e-07 2.981998e-10
1.387075e-07 3.009306e-10
1.394451e-07 3.037016e-10
1.401867e-07 3.065140e-10
1.409321e-07 3.093687e-10
1.416816e-07 3.122657e-10
1.424350e-07 3.152070e-10
1.431924e-07 3.181932e-10
1.439539e-07 3.212238e-10
1.447194e-07 3.243007e-10
1.454889e-07 3.274244e-10
1.462626e-07 3.305966e-10
1.470404e-07 3.338169e-10
1.478223e-07 3.370866e-10
1.486084e-07 3.404072e-10
1.493986e-07 3.437787e-10
1.501931e-07 3.472035e-10
1.509918e-07 3.506805e-10
1.517947e-07 3.542122e-10
1.526019e-07 3.577992e-10
1.534134e-07 3.614431e-10
1.542292e-07 3.651442e-10
1.550494e-07 3.689039e-10
1.558739e-07 3.727224e-10
1.567028e-07 3.766028e-10
1.575361e-07 3.805448e-10
1.583738e-07 3.845501e-10
1.592160e-07 3.886187e-10
1.600626e-07 3.927544e-10
1.609138e-07 3.969555e-10
1.617695e-07 4.012258e-10
1.626298e-07 4.055644e-10
1.634946e-07 4.099759e-10
1.643640e-07 4.144574e-10
1.652380e-07 4.190135e-10
1.661167e-07 4.236448e-10
1.670001e-07 4.283526e-10
1.678881e-07 4.331387e-10
1.687809e-07 4.380037e-10
1.696784e-07 4.429512e-10
1.705807e-07 4.479802e-10
1.714878e-07 4.530939e-10
1.723998e-07 4.582947e-10
1.733165e-07 4.635822e-10
1.742382e-07 4.689609e-10
1.751647e-07 4.744293e-10
1.760962e-07 4.799929e-10
1.770326e-07 4.856513e-10
1.779740e-07 4.914063e-10
1.789205e-07 4.972623e-10
1.798719e-07 5.032179e-10
1.808284e-07 5.092767e-10
1.817900e-07 5.154435e-10
1.827567e-07 5.217159e-10
1.837286e-07 5.280982e-10
1.847056e-07 5.345949e-10
1.856878e-07 5.412047e-10
1.866752e-07 5.479326e-10
1.876679e-07 5.547798e-10
1.886659e-07 5.617488e-10
1.896691e-07 5.688423e-10
1.906777e-07 5.760642e-10
1.916917e-07 5.834160e-10
1.927111e-07 5.909015e-10
1.937359e-07 5.985212e-10
1.947661e-07 6.062803e-10
1.958018e-07 6.141819e-10
1.968430e-07 6.222281e-10
1.978898e-07 6.304235e-10
1.989421e-07 6.387680e-10
2.000000e-07 6.472671e-10
