# Counting axions with IAXO (arXiv:2606.20826) by B. Grinstein, C. Miro and P. Quilez \cite{Grinstein:2026alk}
# g_disc for 2 axions in the quasi-degenerate scenario from supernova axions: experiment IAXO+, energy resolution 0.4 MeV, mixing angle pi/4 (delta = 1, g_aN = 1.3e-9)
# sqrt(Delta_m21^2) [eV]    g_IAXOplus [GeV^-1]    (varphi = pi/4, w_res = 0.4 MeV)
1.000000e-09 2.303890e-10
1.005318e-09 2.274734e-10
1.010664e-09 2.246024e-10
1.016038e-09 2.217752e-10
1.021441e-09 2.189906e-10
1.026873e-09 2.162478e-10
1.032333e-09 2.135459e-10
1.037823e-09 2.108839e-10
1.043342e-09 2.082610e-10
1.048890e-09 2.056766e-10
1.054468e-09 2.031297e-10
1.060075e-09 2.006197e-10
1.065712e-09 1.981459e-10
1.071380e-09 1.957076e-10
1.077077e-09 1.933042e-10
1.082804e-09 1.909350e-10
1.088562e-09 1.885995e-10
1.094351e-09 1.862971e-10
1.100171e-09 1.840273e-10
1.106021e-09 1.817894e-10
1.111902e-09 1.795830e-10
1.117815e-09 1.774077e-10
1.123759e-09 1.752628e-10
1.129735e-09 1.731479e-10
1.135743e-09 1.710627e-10
1.141782e-09 1.690065e-10
1.147854e-09 1.669790e-10
1.153958e-09 1.649797e-10
1.160094e-09 1.630083e-10
1.166263e-09 1.610642e-10
1.172465e-09 1.591472e-10
1.178700e-09 1.572567e-10
1.184968e-09 1.553924e-10
1.191269e-09 1.535540e-10
1.197604e-09 1.517409e-10
1.203973e-09 1.499528e-10
1.210375e-09 1.481894e-10
1.216812e-09 1.464502e-10
1.223282e-09 1.447349e-10
1.229787e-09 1.430431e-10
1.236327e-09 1.413745e-10
1.242901e-09 1.397286e-10
1.249511e-09 1.381052e-10
1.256155e-09 1.365039e-10
1.262835e-09 1.349244e-10
1.269551e-09 1.333663e-10
1.276302e-09 1.318292e-10
1.283089e-09 1.303129e-10
1.289912e-09 1.288171e-10
1.296771e-09 1.273414e-10
1.303667e-09 1.258854e-10
1.310600e-09 1.244490e-10
1.317569e-09 1.230317e-10
1.324575e-09 1.216334e-10
1.331619e-09 1.202536e-10
1.338700e-09 1.188922e-10
1.345819e-09 1.175488e-10
1.352976e-09 1.162232e-10
1.360170e-09 1.149152e-10
1.367403e-09 1.136243e-10
1.374675e-09 1.123505e-10
1.381985e-09 1.110934e-10
1.389334e-09 1.098527e-10
1.396722e-09 1.086283e-10
1.404149e-09 1.074200e-10
1.411616e-09 1.062273e-10
1.419123e-09 1.050503e-10
1.426669e-09 1.038885e-10
1.434256e-09 1.027419e-10
1.441883e-09 1.016102e-10
1.449550e-09 1.004931e-10
1.457259e-09 9.939058e-11
1.465008e-09 9.830229e-11
1.472798e-09 9.722807e-11
1.480630e-09 9.616774e-11
1.488504e-09 9.512110e-11
1.496419e-09 9.408797e-11
1.504377e-09 9.306818e-11
1.512377e-09 9.206153e-11
1.520419e-09 9.106786e-11
1.528504e-09 9.008700e-11
1.536632e-09 8.911876e-11
1.544804e-09 8.816298e-11
1.553019e-09 8.721950e-11
1.561277e-09 8.628816e-11
1.569580e-09 8.536880e-11
1.577926e-09 8.446125e-11
1.586317e-09 8.356537e-11
1.594753e-09 8.268100e-11
1.603233e-09 8.180798e-11
1.611759e-09 8.094616e-11
1.620329e-09 8.009539e-11
1.628946e-09 7.925552e-11
1.637608e-09 7.842641e-11
1.646317e-09 7.760791e-11
1.655071e-09 7.679988e-11
1.663872e-09 7.600216e-11
1.672720e-09 7.521463e-11
1.681615e-09 7.443713e-11
1.690558e-09 7.366952e-11
1.699548e-09 7.291169e-11
1.708585e-09 7.216348e-11
1.717671e-09 7.142478e-11
1.726805e-09 7.069544e-11
1.735988e-09 6.997534e-11
1.745219e-09 6.926436e-11
1.754500e-09 6.856237e-11
1.763830e-09 6.786926e-11
1.773209e-09 6.718491e-11
1.782639e-09 6.650921e-11
1.792118e-09 6.584204e-11
1.801648e-09 6.518329e-11
1.811229e-09 6.453285e-11
1.820860e-09 6.389063e-11
1.830543e-09 6.325652e-11
1.840278e-09 6.263041e-11
1.850064e-09 6.201221e-11
1.859902e-09 6.140181e-11
1.869792e-09 6.079912e-11
1.879735e-09 6.020404e-11
1.889731e-09 5.961649e-11
1.899780e-09 5.903635e-11
1.909883e-09 5.846353e-11
1.920039e-09 5.789795e-11
1.930249e-09 5.733950e-11
1.940513e-09 5.678810e-11
1.950833e-09 5.624366e-11
1.961207e-09 5.570607e-11
1.971636e-09 5.517526e-11
1.982120e-09 5.465113e-11
1.992661e-09 5.413359e-11
2.003257e-09 5.362257e-11
2.013910e-09 5.311796e-11
2.024619e-09 5.261970e-11
2.035385e-09 5.212769e-11
2.046209e-09 5.164187e-11
2.057090e-09 5.116214e-11
2.068029e-09 5.068843e-11
2.079026e-09 5.022066e-11
2.090082e-09 4.975877e-11
2.101196e-09 4.930268e-11
2.112370e-09 4.885231e-11
2.123603e-09 4.840760e-11
2.134896e-09 4.796847e-11
2.146248e-09 4.753487e-11
2.157662e-09 4.710672e-11
2.169135e-09 4.668395e-11
2.180670e-09 4.626650e-11
2.192266e-09 4.585430e-11
2.203924e-09 4.544729e-11
2.215644e-09 4.504541e-11
2.227426e-09 4.464859e-11
2.239271e-09 4.425677e-11
2.251179e-09 4.386989e-11
2.263150e-09 4.348789e-11
2.275185e-09 4.311070e-11
2.287284e-09 4.273826e-11
2.299447e-09 4.237053e-11
2.311674e-09 4.200743e-11
2.323967e-09 4.164891e-11
2.336325e-09 4.129491e-11
2.348749e-09 4.094539e-11
2.361239e-09 4.060027e-11
2.373796e-09 4.025952e-11
2.386419e-09 3.992308e-11
2.399109e-09 3.959088e-11
2.411867e-09 3.926290e-11
2.424692e-09 3.893906e-11
2.437586e-09 3.861933e-11
2.450549e-09 3.830365e-11
2.463580e-09 3.799198e-11
2.476681e-09 3.768427e-11
2.489851e-09 3.738047e-11
2.503091e-09 3.708054e-11
2.516402e-09 3.678443e-11
2.529783e-09 3.649209e-11
2.543236e-09 3.620350e-11
2.556760e-09 3.591859e-11
2.570356e-09 3.563732e-11
2.584025e-09 3.535966e-11
2.597766e-09 3.508557e-11
2.611580e-09 3.481499e-11
2.625468e-09 3.454789e-11
2.639429e-09 3.428423e-11
2.653465e-09 3.402396e-11
2.667575e-09 3.376706e-11
2.681761e-09 3.351347e-11
2.696021e-09 3.326316e-11
2.710358e-09 3.301610e-11
2.724771e-09 3.277224e-11
2.739260e-09 3.253155e-11
2.753827e-09 3.229400e-11
2.768471e-09 3.205955e-11
2.783193e-09 3.182817e-11
2.797993e-09 3.159981e-11
2.812872e-09 3.137446e-11
2.827830e-09 3.115207e-11
2.842868e-09 3.093262e-11
2.857985e-09 3.071607e-11
2.873183e-09 3.050239e-11
2.888462e-09 3.029155e-11
2.903822e-09 3.008353e-11
2.919264e-09 2.987827e-11
2.934788e-09 2.967577e-11
2.950394e-09 2.947599e-11
2.966083e-09 2.927889e-11
2.981856e-09 2.908446e-11
2.997713e-09 2.889266e-11
3.013654e-09 2.870346e-11
3.029679e-09 2.851685e-11
3.045790e-09 2.833278e-11
3.061987e-09 2.815124e-11
3.078270e-09 2.797220e-11
3.094639e-09 2.779563e-11
3.111095e-09 2.762152e-11
3.127639e-09 2.744982e-11
3.144271e-09 2.728053e-11
3.160992e-09 2.711362e-11
3.177801e-09 2.694906e-11
3.194699e-09 2.678684e-11
3.211688e-09 2.662692e-11
3.228767e-09 2.646928e-11
3.245936e-09 2.631391e-11
3.263197e-09 2.616079e-11
3.280550e-09 2.600988e-11
3.297995e-09 2.586117e-11
3.315533e-09 2.571464e-11
3.333164e-09 2.557027e-11
3.350889e-09 2.542804e-11
3.368708e-09 2.528793e-11
3.386622e-09 2.514992e-11
3.404631e-09 2.501398e-11
3.422735e-09 2.488012e-11
3.440937e-09 2.474829e-11
3.459234e-09 2.461849e-11
3.477630e-09 2.449071e-11
3.496123e-09 2.436491e-11
3.514714e-09 2.424109e-11
3.533404e-09 2.411923e-11
3.552194e-09 2.399931e-11
3.571083e-09 2.388132e-11
3.590073e-09 2.376524e-11
3.609164e-09 2.365105e-11
3.628357e-09 2.353875e-11
3.647651e-09 2.342831e-11
3.667049e-09 2.331972e-11
3.686549e-09 2.321296e-11
3.706153e-09 2.310803e-11
3.725861e-09 2.300490e-11
3.745674e-09 2.290358e-11
3.765593e-09 2.280403e-11
3.785617e-09 2.270625e-11
3.805748e-09 2.261023e-11
3.825986e-09 2.251596e-11
3.846331e-09 2.242342e-11
3.866785e-09 2.233260e-11
3.887347e-09 2.224349e-11
3.908019e-09 2.215608e-11
3.928801e-09 2.207035e-11
3.949693e-09 2.198630e-11
3.970696e-09 2.190392e-11
3.991811e-09 2.182319e-11
4.013039e-09 2.174411e-11
4.034379e-09 2.166667e-11
4.055832e-09 2.159085e-11
4.077400e-09 2.151665e-11
4.099083e-09 2.144405e-11
4.120880e-09 2.137306e-11
4.142794e-09 2.130366e-11
4.164824e-09 2.123584e-11
4.186971e-09 2.116959e-11
4.209237e-09 2.110491e-11
4.231620e-09 2.104179e-11
4.254123e-09 2.098022e-11
4.276745e-09 2.092019e-11
4.299487e-09 2.086170e-11
4.322351e-09 2.080474e-11
4.345336e-09 2.074930e-11
4.368443e-09 2.069538e-11
4.391673e-09 2.064296e-11
4.415027e-09 2.059205e-11
4.438505e-09 2.054263e-11
4.462107e-09 2.049471e-11
4.485835e-09 2.044827e-11
4.509690e-09 2.040330e-11
4.533671e-09 2.035981e-11
4.557780e-09 2.031778e-11
4.582017e-09 2.027721e-11
4.606383e-09 2.023809e-11
4.630878e-09 2.020043e-11
4.655504e-09 2.016420e-11
4.680260e-09 2.012941e-11
4.705148e-09 2.009605e-11
4.730169e-09 2.006412e-11
4.755323e-09 2.003360e-11
4.780610e-09 2.000449e-11
4.806032e-09 1.997679e-11
4.831589e-09 1.995049e-11
4.857282e-09 1.992557e-11
4.883112e-09 1.990204e-11
4.909079e-09 1.987989e-11
4.935184e-09 1.985911e-11
4.961428e-09 1.983969e-11
4.987811e-09 1.982161e-11
5.014335e-09 1.980488e-11
5.041000e-09 1.978948e-11
5.067806e-09 1.977541e-11
5.094755e-09 1.976264e-11
5.121848e-09 1.975117e-11
5.149084e-09 1.974099e-11
5.176466e-09 1.973208e-11
5.203993e-09 1.972444e-11
5.231666e-09 1.971803e-11
5.259486e-09 1.971285e-11
5.287455e-09 1.970888e-11
5.315572e-09 1.970609e-11
5.343839e-09 1.970448e-11
5.372256e-09 1.970401e-11
5.400824e-09 1.970467e-11
5.429544e-09 1.970643e-11
5.458416e-09 1.970926e-11
5.487443e-09 1.971313e-11
5.516623e-09 1.971801e-11
5.545959e-09 1.972387e-11
5.575451e-09 1.973067e-11
5.605100e-09 1.973838e-11
5.634906e-09 1.974696e-11
5.664871e-09 1.975635e-11
5.694995e-09 1.976652e-11
5.725279e-09 1.977742e-11
5.755725e-09 1.978899e-11
5.786332e-09 1.980118e-11
5.817102e-09 1.981393e-11
5.848035e-09 1.982718e-11
5.879134e-09 1.984086e-11
5.910397e-09 1.985490e-11
5.941827e-09 1.986923e-11
5.973424e-09 1.988376e-11
6.005189e-09 1.989843e-11
6.037123e-09 1.991313e-11
6.069226e-09 1.992779e-11
6.101501e-09 1.994230e-11
6.133947e-09 1.995656e-11
6.166565e-09 1.997048e-11
6.199357e-09 1.998395e-11
6.232324e-09 1.999684e-11
6.265465e-09 2.000905e-11
6.298783e-09 2.002046e-11
6.332278e-09 2.003094e-11
6.365952e-09 2.004036e-11
6.399804e-09 2.004860e-11
6.433836e-09 2.005551e-11
6.468049e-09 2.006097e-11
6.502445e-09 2.006484e-11
6.537023e-09 2.006697e-11
6.571785e-09 2.006723e-11
6.606732e-09 2.006547e-11
6.641864e-09 2.006156e-11
6.677184e-09 2.005536e-11
6.712691e-09 2.004674e-11
6.748387e-09 2.003556e-11
6.784273e-09 2.002170e-11
6.820350e-09 2.000503e-11
6.856619e-09 1.998545e-11
6.893080e-09 1.996284e-11
6.929736e-09 1.993712e-11
6.966586e-09 1.990820e-11
7.003632e-09 1.987601e-11
7.040876e-09 1.984049e-11
7.078317e-09 1.980160e-11
7.115957e-09 1.975933e-11
7.153798e-09 1.971366e-11
7.191840e-09 1.966464e-11
7.230084e-09 1.961229e-11
7.268531e-09 1.955670e-11
7.307183e-09 1.949797e-11
7.346041e-09 1.943626e-11
7.385105e-09 1.937176e-11
7.424377e-09 1.930474e-11
7.463857e-09 1.923549e-11
7.503548e-09 1.916435e-11
7.543450e-09 1.909164e-11
7.583564e-09 1.901772e-11
7.623891e-09 1.894292e-11
7.664432e-09 1.886757e-11
7.705190e-09 1.879199e-11
7.746164e-09 1.871651e-11
7.787355e-09 1.864142e-11
7.828766e-09 1.856700e-11
7.870397e-09 1.849353e-11
7.912250e-09 1.842126e-11
7.954325e-09 1.835042e-11
7.996624e-09 1.828122e-11
8.039148e-09 1.821386e-11
8.081897e-09 1.814851e-11
8.124875e-09 1.808535e-11
8.168080e-09 1.802450e-11
8.211516e-09 1.796610e-11
8.255182e-09 1.791024e-11
8.299081e-09 1.785702e-11
8.343213e-09 1.780650e-11
8.387580e-09 1.775875e-11
8.432183e-09 1.771380e-11
8.477022e-09 1.767167e-11
8.522101e-09 1.763239e-11
8.567419e-09 1.759593e-11
8.612978e-09 1.756229e-11
8.658779e-09 1.753143e-11
8.704824e-09 1.750331e-11
8.751114e-09 1.747787e-11
8.797650e-09 1.745505e-11
8.844433e-09 1.743476e-11
8.891465e-09 1.741691e-11
8.938747e-09 1.740140e-11
8.986281e-09 1.738814e-11
9.034068e-09 1.737698e-11
9.082108e-09 1.736782e-11
9.130404e-09 1.736051e-11
9.178957e-09 1.735492e-11
9.227768e-09 1.735091e-11
9.276839e-09 1.734832e-11
9.326170e-09 1.734700e-11
9.375764e-09 1.734680e-11
9.425622e-09 1.734757e-11
9.475744e-09 1.734916e-11
9.526134e-09 1.735142e-11
9.576791e-09 1.735419e-11
9.627717e-09 1.735736e-11
9.678915e-09 1.736078e-11
9.730384e-09 1.736433e-11
9.782128e-09 1.736791e-11
9.834146e-09 1.737141e-11
9.886441e-09 1.737476e-11
9.939015e-09 1.737788e-11
9.991867e-09 1.738073e-11
1.004500e-08 1.738326e-11
1.009842e-08 1.738548e-11
1.015212e-08 1.738738e-11
1.020610e-08 1.738900e-11
1.026038e-08 1.739037e-11
1.031494e-08 1.739156e-11
1.036979e-08 1.739267e-11
1.042493e-08 1.739380e-11
1.048037e-08 1.739507e-11
1.053610e-08 1.739664e-11
1.059213e-08 1.739865e-11
1.064846e-08 1.740130e-11
1.070508e-08 1.740475e-11
1.076201e-08 1.740921e-11
1.081924e-08 1.741489e-11
1.087677e-08 1.742201e-11
1.093461e-08 1.743076e-11
1.099276e-08 1.744138e-11
1.105121e-08 1.745406e-11
1.110998e-08 1.746902e-11
1.116906e-08 1.748645e-11
1.122845e-08 1.750653e-11
1.128816e-08 1.752942e-11
1.134819e-08 1.755526e-11
1.140854e-08 1.758418e-11
1.146921e-08 1.761624e-11
1.153020e-08 1.765149e-11
1.159151e-08 1.768995e-11
1.165315e-08 1.773158e-11
1.171512e-08 1.777627e-11
1.177742e-08 1.782390e-11
1.184004e-08 1.787424e-11
1.190301e-08 1.792703e-11
1.196630e-08 1.798193e-11
1.202994e-08 1.803853e-11
1.209391e-08 1.809633e-11
1.215822e-08 1.815479e-11
1.222287e-08 1.821328e-11
1.228787e-08 1.827110e-11
1.235321e-08 1.832753e-11
1.241891e-08 1.838178e-11
1.248495e-08 1.843307e-11
1.255134e-08 1.848064e-11
1.261808e-08 1.852377e-11
1.268518e-08 1.856188e-11
1.275264e-08 1.859463e-11
1.282045e-08 1.862201e-11
1.288863e-08 1.864439e-11
1.295717e-08 1.866236e-11
1.302607e-08 1.867665e-11
1.309534e-08 1.868801e-11
1.316497e-08 1.869721e-11
1.323498e-08 1.870501e-11
1.330536e-08 1.871209e-11
1.337612e-08 1.871905e-11
1.344725e-08 1.872643e-11
1.351875e-08 1.873466e-11
1.359064e-08 1.874406e-11
1.366291e-08 1.875483e-11
1.373557e-08 1.876709e-11
1.380861e-08 1.878085e-11
1.388204e-08 1.879602e-11
1.395586e-08 1.881245e-11
1.403008e-08 1.882989e-11
1.410468e-08 1.884807e-11
1.417969e-08 1.886668e-11
1.425509e-08 1.888537e-11
1.433090e-08 1.890383e-11
1.440710e-08 1.892176e-11
1.448372e-08 1.893890e-11
1.456074e-08 1.895507e-11
1.463817e-08 1.897014e-11
1.471601e-08 1.898408e-11
1.479426e-08 1.899694e-11
1.487293e-08 1.900890e-11
1.495202e-08 1.902016e-11
1.503153e-08 1.903106e-11
1.511147e-08 1.904195e-11
1.519183e-08 1.905325e-11
1.527261e-08 1.906536e-11
1.535383e-08 1.907867e-11
1.543547e-08 1.909352e-11
1.551756e-08 1.911016e-11
1.560007e-08 1.912869e-11
1.568303e-08 1.914908e-11
1.576643e-08 1.917109e-11
1.585027e-08 1.919431e-11
1.593456e-08 1.921807e-11
1.601929e-08 1.924154e-11
1.610448e-08 1.926366e-11
1.619012e-08 1.928328e-11
1.627621e-08 1.929922e-11
1.636276e-08 1.931042e-11
1.644978e-08 1.931622e-11
1.653725e-08 1.931676e-11
1.662519e-08 1.931302e-11
1.671360e-08 1.930649e-11
1.680248e-08 1.929873e-11
1.689183e-08 1.929115e-11
1.698165e-08 1.928494e-11
1.707196e-08 1.928095e-11
1.716274e-08 1.927972e-11
1.725401e-08 1.928146e-11
1.734576e-08 1.928608e-11
1.743800e-08 1.929327e-11
1.753073e-08 1.930252e-11
1.762395e-08 1.931323e-11
1.771767e-08 1.932479e-11
1.781189e-08 1.933663e-11
1.790661e-08 1.934834e-11
1.800183e-08 1.935967e-11
1.809756e-08 1.937060e-11
1.819380e-08 1.938134e-11
1.829055e-08 1.939231e-11
1.838781e-08 1.940405e-11
1.848559e-08 1.941720e-11
1.858389e-08 1.943236e-11
1.868272e-08 1.945000e-11
1.878206e-08 1.947031e-11
1.888194e-08 1.949314e-11
1.898235e-08 1.951790e-11
1.908329e-08 1.954352e-11
1.918477e-08 1.956853e-11
1.928679e-08 1.959118e-11
1.938935e-08 1.960976e-11
1.949246e-08 1.962330e-11
1.959612e-08 1.963220e-11
1.970032e-08 1.963816e-11
1.980508e-08 1.964332e-11
1.991040e-08 1.964956e-11
2.001628e-08 1.965819e-11
2.012272e-08 1.966986e-11
2.022973e-08 1.968459e-11
2.033730e-08 1.970192e-11
2.044545e-08 1.972106e-11
2.055417e-08 1.974110e-11
2.066347e-08 1.976123e-11
2.077336e-08 1.978093e-11
2.088382e-08 1.980006e-11
2.099488e-08 1.981892e-11
2.110652e-08 1.983816e-11
2.121876e-08 1.985868e-11
2.133160e-08 1.988131e-11
2.144503e-08 1.990660e-11
2.155907e-08 1.993455e-11
2.167371e-08 1.996437e-11
2.178897e-08 1.999443e-11
2.190484e-08 2.002249e-11
2.202132e-08 2.004628e-11
2.213842e-08 2.006476e-11
2.225615e-08 2.007905e-11
2.237450e-08 2.009179e-11
2.249348e-08 2.010552e-11
2.261309e-08 2.012186e-11
2.273334e-08 2.014134e-11
2.285423e-08 2.016350e-11
2.297577e-08 2.018731e-11
2.309794e-08 2.021159e-11
2.322077e-08 2.023545e-11
2.334425e-08 2.025861e-11
2.346839e-08 2.028148e-11
2.359319e-08 2.030503e-11
2.371865e-08 2.033043e-11
2.384478e-08 2.035847e-11
2.397158e-08 2.038910e-11
2.409905e-08 2.042100e-11
2.422721e-08 2.045164e-11
2.435604e-08 2.047818e-11
2.448556e-08 2.049931e-11
2.461576e-08 2.051669e-11
2.474666e-08 2.053358e-11
2.487826e-08 2.055266e-11
2.501056e-08 2.057491e-11
2.514355e-08 2.059983e-11
2.527726e-08 2.062607e-11
2.541168e-08 2.065225e-11
2.554681e-08 2.067774e-11
2.568266e-08 2.070290e-11
2.581923e-08 2.072891e-11
2.595653e-08 2.075715e-11
2.609456e-08 2.078815e-11
2.623332e-08 2.082090e-11
2.637283e-08 2.085257e-11
2.651307e-08 2.087994e-11
2.665406e-08 2.090215e-11
2.679580e-08 2.092190e-11
2.693829e-08 2.094286e-11
2.708154e-08 2.096696e-11
2.722555e-08 2.099384e-11
2.737033e-08 2.102191e-11
2.751588e-08 2.104971e-11
2.766220e-08 2.107692e-11
2.780930e-08 2.110456e-11
2.795718e-08 2.113422e-11
2.810585e-08 2.116666e-11
2.825530e-08 2.120048e-11
2.840556e-08 2.123220e-11
2.855661e-08 2.125899e-11
2.870847e-08 2.128200e-11
2.886113e-08 2.130524e-11
2.901461e-08 2.133146e-11
2.916890e-08 2.136046e-11
2.932401e-08 2.139041e-11
2.947994e-08 2.141992e-11
2.963671e-08 2.144926e-11
2.979431e-08 2.148008e-11
2.995275e-08 2.151360e-11
3.011203e-08 2.154863e-11
3.027215e-08 2.158147e-11
3.043313e-08 2.160954e-11
3.059497e-08 2.163496e-11
3.075766e-08 2.166197e-11
3.092122e-08 2.169208e-11
3.108565e-08 2.172384e-11
3.125096e-08 2.175542e-11
3.141714e-08 2.178686e-11
3.158421e-08 2.181988e-11
3.175216e-08 2.185549e-11
3.192101e-08 2.189151e-11
3.209076e-08 2.192403e-11
3.226141e-08 2.195262e-11
3.243297e-08 2.198135e-11
3.260543e-08 2.201299e-11
3.277882e-08 2.204652e-11
3.295313e-08 2.208001e-11
3.312836e-08 2.211360e-11
3.330453e-08 2.214911e-11
3.348164e-08 2.218669e-11
3.365968e-08 2.222291e-11
3.383867e-08 2.225507e-11
3.401862e-08 2.228576e-11
3.419952e-08 2.231881e-11
3.438138e-08 2.235403e-11
3.456421e-08 2.238940e-11
3.474801e-08 2.242505e-11
3.493279e-08 2.246273e-11
3.511856e-08 2.250169e-11
3.530531e-08 2.253813e-11
3.549305e-08 2.257137e-11
3.568179e-08 2.260534e-11
3.587154e-08 2.264184e-11
3.606229e-08 2.267907e-11
3.625406e-08 2.271649e-11
3.644685e-08 2.275569e-11
3.664066e-08 2.279598e-11
3.683551e-08 2.283378e-11
3.703139e-08 2.286911e-11
3.722831e-08 2.290585e-11
3.742628e-08 2.294458e-11
3.762530e-08 2.298362e-11
3.782538e-08 2.302365e-11
3.802653e-08 2.306534e-11
3.822874e-08 2.310579e-11
3.843203e-08 2.314355e-11
3.863640e-08 2.318197e-11
3.884186e-08 2.322237e-11
3.904841e-08 2.326327e-11
3.925606e-08 2.330525e-11
3.946481e-08 2.334847e-11
3.967467e-08 2.338998e-11
3.988565e-08 2.342972e-11
4.009775e-08 2.347090e-11
4.031098e-08 2.351343e-11
4.052534e-08 2.355658e-11
4.074084e-08 2.360114e-11
4.095749e-08 2.364516e-11
4.117529e-08 2.368719e-11
4.139425e-08 2.372993e-11
4.161437e-08 2.377419e-11
4.183566e-08 2.381917e-11
4.205813e-08 2.386538e-11
4.228179e-08 2.391100e-11
4.250663e-08 2.395508e-11
4.273267e-08 2.400014e-11
4.295991e-08 2.404646e-11
4.318836e-08 2.409370e-11
4.341802e-08 2.414170e-11
4.364890e-08 2.418844e-11
4.388101e-08 2.423485e-11
4.411436e-08 2.428266e-11
4.434895e-08 2.433143e-11
4.458478e-08 2.438113e-11
4.482187e-08 2.443023e-11
4.506022e-08 2.447863e-11
4.529984e-08 2.452821e-11
4.554073e-08 2.457887e-11
4.578290e-08 2.463039e-11
4.602636e-08 2.468145e-11
4.627112e-08 2.473204e-11
4.651717e-08 2.478379e-11
4.676454e-08 2.483662e-11
4.701322e-08 2.489008e-11
4.726322e-08 2.494295e-11
4.751455e-08 2.499598e-11
4.776722e-08 2.505025e-11
4.802124e-08 2.510545e-11
4.827660e-08 2.516075e-11
4.853332e-08 2.521569e-11
4.879141e-08 2.527156e-11
4.905086e-08 2.532854e-11
4.931170e-08 2.538599e-11
4.957393e-08 2.544316e-11
4.983755e-08 2.550092e-11
5.010257e-08 2.555987e-11
5.036900e-08 2.561943e-11
5.063685e-08 2.567886e-11
5.090612e-08 2.573882e-11
5.117682e-08 2.579994e-11
5.144897e-08 2.586167e-11
5.172256e-08 2.592339e-11
5.199760e-08 2.598578e-11
5.227411e-08 2.604926e-11
5.255209e-08 2.611326e-11
5.283155e-08 2.617738e-11
5.311249e-08 2.624241e-11
5.339493e-08 2.630841e-11
5.367887e-08 2.637478e-11
5.396431e-08 2.644155e-11
5.425128e-08 2.650943e-11
5.453977e-08 2.657801e-11
5.482980e-08 2.664692e-11
5.512137e-08 2.671672e-11
5.541449e-08 2.678747e-11
5.570917e-08 2.685869e-11
5.600541e-08 2.693059e-11
5.630323e-08 2.700354e-11
5.660264e-08 2.707715e-11
5.690363e-08 2.715134e-11
5.720623e-08 2.722659e-11
5.751044e-08 2.730261e-11
5.781626e-08 2.737927e-11
5.812371e-08 2.745695e-11
5.843280e-08 2.753549e-11
5.874352e-08 2.761472e-11
5.905591e-08 2.769498e-11
5.936995e-08 2.777614e-11
5.968566e-08 2.785807e-11
6.000305e-08 2.794107e-11
6.032213e-08 2.802496e-11
6.064290e-08 2.810973e-11
6.096539e-08 2.819558e-11
6.128958e-08 2.828233e-11
6.161550e-08 2.837007e-11
6.194316e-08 2.845888e-11
6.227255e-08 2.854864e-11
6.260370e-08 2.863948e-11
6.293661e-08 2.873140e-11
6.327129e-08 2.882433e-11
6.360774e-08 2.891842e-11
6.394599e-08 2.901358e-11
6.428604e-08 2.910986e-11
6.462789e-08 2.920732e-11
6.497157e-08 2.930588e-11
6.531707e-08 2.940567e-11
6.566440e-08 2.950661e-11
6.601359e-08 2.960878e-11
6.636463e-08 2.971217e-11
6.671754e-08 2.981679e-11
6.707232e-08 2.992269e-11
6.742899e-08 3.002987e-11
6.778756e-08 3.013834e-11
6.814803e-08 3.024814e-11
6.851043e-08 3.035928e-11
6.887474e-08 3.047178e-11
6.924100e-08 3.058562e-11
6.960920e-08 3.070088e-11
6.997936e-08 3.081753e-11
7.035149e-08 3.093562e-11
7.072560e-08 3.105515e-11
7.110170e-08 3.117617e-11
7.147980e-08 3.129867e-11
7.185991e-08 3.142269e-11
7.224204e-08 3.154823e-11
7.262620e-08 3.167534e-11
7.301241e-08 3.180399e-11
7.340067e-08 3.193425e-11
7.379099e-08 3.206613e-11
7.418339e-08 3.219963e-11
7.457787e-08 3.233481e-11
7.497446e-08 3.247165e-11
7.537315e-08 3.261021e-11
7.577396e-08 3.275050e-11
7.617691e-08 3.289253e-11
7.658199e-08 3.303631e-11
7.698923e-08 3.318189e-11
7.739864e-08 3.332926e-11
7.781022e-08 3.347849e-11
7.822400e-08 3.362959e-11
7.863997e-08 3.378255e-11
7.905815e-08 3.393744e-11
7.947856e-08 3.409425e-11
7.990121e-08 3.425302e-11
8.032610e-08 3.441377e-11
8.075325e-08 3.457654e-11
8.118267e-08 3.474133e-11
8.161438e-08 3.490819e-11
8.204838e-08 3.507715e-11
8.248469e-08 3.524822e-11
8.292332e-08 3.542145e-11
8.336428e-08 3.559682e-11
8.380759e-08 3.577438e-11
8.425325e-08 3.595416e-11
8.470128e-08 3.613620e-11
8.515170e-08 3.632052e-11
8.560451e-08 3.650716e-11
8.605973e-08 3.669614e-11
8.651737e-08 3.688751e-11
8.697745e-08 3.708123e-11
8.743997e-08 3.727743e-11
8.790495e-08 3.747609e-11
8.837240e-08 3.767729e-11
8.884234e-08 3.788099e-11
8.931478e-08 3.808725e-11
8.978973e-08 3.829611e-11
9.026721e-08 3.850759e-11
9.074722e-08 3.872174e-11
9.122979e-08 3.893863e-11
9.171492e-08 3.915824e-11
9.220263e-08 3.938065e-11
9.269294e-08 3.960585e-11
9.318586e-08 3.983392e-11
9.368139e-08 4.006489e-11
9.417956e-08 4.029884e-11
9.468038e-08 4.053576e-11
9.518386e-08 4.077564e-11
9.569002e-08 4.101859e-11
9.619888e-08 4.126463e-11
9.671043e-08 4.151387e-11
9.722471e-08 4.176628e-11
9.774172e-08 4.202193e-11
9.826149e-08 4.228084e-11
9.878401e-08 4.254310e-11
9.930932e-08 4.280875e-11
9.983742e-08 4.307783e-11
1.003683e-07 4.335038e-11
1.009021e-07 4.362643e-11
1.014386e-07 4.390605e-11
1.019780e-07 4.418931e-11
1.025203e-07 4.447627e-11
1.030655e-07 4.476695e-11
1.036136e-07 4.506141e-11
1.041646e-07 4.535976e-11
1.047185e-07 4.566203e-11
1.052753e-07 4.596823e-11
1.058352e-07 4.627842e-11
1.063980e-07 4.659274e-11
1.069638e-07 4.691118e-11
1.075326e-07 4.723382e-11
1.081044e-07 4.756073e-11
1.086793e-07 4.789200e-11
1.092572e-07 4.822765e-11
1.098382e-07 4.856785e-11
1.104223e-07 4.891252e-11
1.110095e-07 4.926179e-11
1.115998e-07 4.961573e-11
1.121932e-07 4.997443e-11
1.127898e-07 5.033797e-11
1.133896e-07 5.070642e-11
1.139926e-07 5.107985e-11
1.145988e-07 5.145840e-11
1.152082e-07 5.184201e-11
1.158208e-07 5.223082e-11
1.164367e-07 5.262499e-11
1.170559e-07 5.302451e-11
1.176784e-07 5.342947e-11
1.183042e-07 5.384006e-11
1.189333e-07 5.425635e-11
1.195657e-07 5.467833e-11
1.202015e-07 5.510610e-11
1.208407e-07 5.553982e-11
1.214833e-07 5.597959e-11
1.221293e-07 5.642550e-11
1.227788e-07 5.687762e-11
1.234317e-07 5.733614e-11
1.240881e-07 5.780101e-11
1.247479e-07 5.827237e-11
1.254113e-07 5.875048e-11
1.260782e-07 5.923530e-11
1.267486e-07 5.972706e-11
1.274227e-07 6.022582e-11
1.281003e-07 6.073163e-11
1.287815e-07 6.124467e-11
1.294663e-07 6.176513e-11
1.301547e-07 6.229295e-11
1.308469e-07 6.282845e-11
1.315427e-07 6.337179e-11
1.322422e-07 6.392289e-11
1.329454e-07 6.448193e-11
1.336524e-07 6.504917e-11
1.343631e-07 6.562472e-11
1.350776e-07 6.620875e-11
1.357959e-07 6.680136e-11
1.365180e-07 6.740253e-11
1.372440e-07 6.801279e-11
1.379738e-07 6.863192e-11
1.387075e-07 6.926042e-11
1.394451e-07 6.989818e-11
1.401867e-07 7.054547e-11
1.409321e-07 7.120249e-11
1.416816e-07 7.186925e-11
1.424350e-07 7.254619e-11
1.431924e-07 7.323349e-11
1.439539e-07 7.393099e-11
1.447194e-07 7.463916e-11
1.454889e-07 7.535808e-11
1.462626e-07 7.608818e-11
1.470404e-07 7.682935e-11
1.478223e-07 7.758188e-11
1.486084e-07 7.834613e-11
1.493986e-07 7.912209e-11
1.501931e-07 7.991032e-11
1.509918e-07 8.071056e-11
1.517947e-07 8.152341e-11
1.526019e-07 8.234897e-11
1.534134e-07 8.318762e-11
1.542292e-07 8.403944e-11
1.550494e-07 8.490477e-11
1.558739e-07 8.578360e-11
1.567028e-07 8.667669e-11
1.575361e-07 8.758396e-11
1.583738e-07 8.850580e-11
1.592160e-07 8.944219e-11
1.600626e-07 9.039405e-11
1.609138e-07 9.136095e-11
1.617695e-07 9.234378e-11
1.626298e-07 9.334233e-11
1.634946e-07 9.435766e-11
1.643640e-07 9.538909e-11
1.652380e-07 9.643770e-11
1.661167e-07 9.750361e-11
1.670001e-07 9.858714e-11
1.678881e-07 9.968866e-11
1.687809e-07 1.008084e-10
1.696784e-07 1.019470e-10
1.705807e-07 1.031045e-10
1.714878e-07 1.042814e-10
1.723998e-07 1.054784e-10
1.733165e-07 1.066954e-10
1.742382e-07 1.079333e-10
1.751647e-07 1.091919e-10
1.760962e-07 1.104723e-10
1.770326e-07 1.117746e-10
1.779740e-07 1.130992e-10
1.789205e-07 1.144470e-10
1.798719e-07 1.158177e-10
1.808284e-07 1.172121e-10
1.817900e-07 1.186315e-10
1.827567e-07 1.200751e-10
1.837286e-07 1.215440e-10
1.847056e-07 1.230392e-10
1.856878e-07 1.245605e-10
1.866752e-07 1.261090e-10
1.876679e-07 1.276849e-10
1.886659e-07 1.292888e-10
1.896691e-07 1.309214e-10
1.906777e-07 1.325836e-10
1.916917e-07 1.342756e-10
1.927111e-07 1.359984e-10
1.937359e-07 1.377521e-10
1.947661e-07 1.395379e-10
1.958018e-07 1.413565e-10
1.968430e-07 1.432084e-10
1.978898e-07 1.450946e-10
1.989421e-07 1.470151e-10
2.000000e-07 1.489712e-10
