# Counting axions with IAXO (arXiv:2606.XXXXX) by B. Grinstein, C. Miro and P. Quilez
# g_disc for 2 axions in the quasi-degenerate scenario from supernova axions: experiment IAXO, energy resolution 2 MeV, mixing angle pi/4 (delta = 1, g_aN = 1.3e-9)
# sqrt(Delta_m21^2) [eV]    g_IAXO [GeV^-1]    (varphi = pi/4, w_res = 2 MeV)
1.000000e-09 6.400795e-10
1.005318e-09 6.310137e-10
1.010664e-09 6.221074e-10
1.016038e-09 6.133567e-10
1.021441e-09 6.047577e-10
1.026873e-09 5.963067e-10
1.032333e-09 5.879998e-10
1.037823e-09 5.798335e-10
1.043342e-09 5.718040e-10
1.048890e-09 5.639079e-10
1.054468e-09 5.561418e-10
1.060075e-09 5.485023e-10
1.065712e-09 5.409860e-10
1.071380e-09 5.335899e-10
1.077077e-09 5.263107e-10
1.082804e-09 5.191454e-10
1.088562e-09 5.120911e-10
1.094351e-09 5.051449e-10
1.100171e-09 4.983040e-10
1.106021e-09 4.915657e-10
1.111902e-09 4.849274e-10
1.117815e-09 4.783866e-10
1.123759e-09 4.719409e-10
1.129735e-09 4.655879e-10
1.135743e-09 4.593254e-10
1.141782e-09 4.531512e-10
1.147854e-09 4.470633e-10
1.153958e-09 4.410597e-10
1.160094e-09 4.351385e-10
1.166263e-09 4.292979e-10
1.172465e-09 4.235363e-10
1.178700e-09 4.178521e-10
1.184968e-09 4.122437e-10
1.191269e-09 4.067098e-10
1.197604e-09 4.012489e-10
1.203973e-09 3.958598e-10
1.210375e-09 3.905414e-10
1.216812e-09 3.852926e-10
1.223282e-09 3.801123e-10
1.229787e-09 3.749997e-10
1.236327e-09 3.699538e-10
1.242901e-09 3.649738e-10
1.249511e-09 3.600590e-10
1.256155e-09 3.552088e-10
1.262835e-09 3.504224e-10
1.269551e-09 3.456994e-10
1.276302e-09 3.410392e-10
1.283089e-09 3.364413e-10
1.289912e-09 3.319053e-10
1.296771e-09 3.274307e-10
1.303667e-09 3.230173e-10
1.310600e-09 3.186646e-10
1.317569e-09 3.143724e-10
1.324575e-09 3.101402e-10
1.331619e-09 3.059679e-10
1.338700e-09 3.018552e-10
1.345819e-09 2.978016e-10
1.352976e-09 2.938071e-10
1.360170e-09 2.898712e-10
1.367403e-09 2.859937e-10
1.374675e-09 2.821744e-10
1.381985e-09 2.784128e-10
1.389334e-09 2.747087e-10
1.396722e-09 2.710616e-10
1.404149e-09 2.674714e-10
1.411616e-09 2.639375e-10
1.419123e-09 2.604596e-10
1.426669e-09 2.570371e-10
1.434256e-09 2.536698e-10
1.441883e-09 2.503570e-10
1.449550e-09 2.470982e-10
1.457259e-09 2.438929e-10
1.465008e-09 2.407406e-10
1.472798e-09 2.376405e-10
1.480630e-09 2.345921e-10
1.488504e-09 2.315947e-10
1.496419e-09 2.286475e-10
1.504377e-09 2.257499e-10
1.512377e-09 2.229012e-10
1.520419e-09 2.201004e-10
1.528504e-09 2.173469e-10
1.536632e-09 2.146399e-10
1.544804e-09 2.119783e-10
1.553019e-09 2.093616e-10
1.561277e-09 2.067886e-10
1.569580e-09 2.042586e-10
1.577926e-09 2.017707e-10
1.586317e-09 1.993240e-10
1.594753e-09 1.969175e-10
1.603233e-09 1.945504e-10
1.611759e-09 1.922217e-10
1.620329e-09 1.899305e-10
1.628946e-09 1.876760e-10
1.637608e-09 1.854573e-10
1.646317e-09 1.832734e-10
1.655071e-09 1.811235e-10
1.663872e-09 1.790067e-10
1.672720e-09 1.769223e-10
1.681615e-09 1.748693e-10
1.690558e-09 1.728471e-10
1.699548e-09 1.708547e-10
1.708585e-09 1.688916e-10
1.717671e-09 1.669569e-10
1.726805e-09 1.650500e-10
1.735988e-09 1.631702e-10
1.745219e-09 1.613168e-10
1.754500e-09 1.594893e-10
1.763830e-09 1.576871e-10
1.773209e-09 1.559096e-10
1.782639e-09 1.541563e-10
1.792118e-09 1.524267e-10
1.801648e-09 1.507204e-10
1.811229e-09 1.490370e-10
1.820860e-09 1.473759e-10
1.830543e-09 1.457369e-10
1.840278e-09 1.441197e-10
1.850064e-09 1.425238e-10
1.859902e-09 1.409490e-10
1.869792e-09 1.393951e-10
1.879735e-09 1.378617e-10
1.889731e-09 1.363486e-10
1.899780e-09 1.348557e-10
1.909883e-09 1.333826e-10
1.920039e-09 1.319293e-10
1.930249e-09 1.304956e-10
1.940513e-09 1.290812e-10
1.950833e-09 1.276861e-10
1.961207e-09 1.263100e-10
1.971636e-09 1.249529e-10
1.982120e-09 1.236147e-10
1.992661e-09 1.222951e-10
2.003257e-09 1.209940e-10
2.013910e-09 1.197114e-10
2.024619e-09 1.184470e-10
2.035385e-09 1.172008e-10
2.046209e-09 1.159725e-10
2.057090e-09 1.147621e-10
2.068029e-09 1.135694e-10
2.079026e-09 1.123941e-10
2.090082e-09 1.112362e-10
2.101196e-09 1.100955e-10
2.112370e-09 1.089717e-10
2.123603e-09 1.078648e-10
2.134896e-09 1.067743e-10
2.146248e-09 1.057003e-10
2.157662e-09 1.046423e-10
2.169135e-09 1.036003e-10
2.180670e-09 1.025739e-10
2.192266e-09 1.015630e-10
2.203924e-09 1.005672e-10
2.215644e-09 9.958631e-11
2.227426e-09 9.862011e-11
2.239271e-09 9.766831e-11
2.251179e-09 9.673064e-11
2.263150e-09 9.580685e-11
2.275185e-09 9.489667e-11
2.287284e-09 9.399983e-11
2.299447e-09 9.311608e-11
2.311674e-09 9.224517e-11
2.323967e-09 9.138684e-11
2.336325e-09 9.054084e-11
2.348749e-09 8.970694e-11
2.361239e-09 8.888491e-11
2.373796e-09 8.807452e-11
2.386419e-09 8.727555e-11
2.399109e-09 8.648781e-11
2.411867e-09 8.571108e-11
2.424692e-09 8.494518e-11
2.437586e-09 8.418992e-11
2.450549e-09 8.344513e-11
2.463580e-09 8.271064e-11
2.476681e-09 8.198629e-11
2.489851e-09 8.127193e-11
2.503091e-09 8.056740e-11
2.516402e-09 7.987258e-11
2.529783e-09 7.918732e-11
2.543236e-09 7.851151e-11
2.556760e-09 7.784501e-11
2.570356e-09 7.718772e-11
2.584025e-09 7.653952e-11
2.597766e-09 7.590030e-11
2.611580e-09 7.526997e-11
2.625468e-09 7.464841e-11
2.639429e-09 7.403553e-11
2.653465e-09 7.343123e-11
2.667575e-09 7.283541e-11
2.681761e-09 7.224797e-11
2.696021e-09 7.166881e-11
2.710358e-09 7.109783e-11
2.724771e-09 7.053494e-11
2.739260e-09 6.998004e-11
2.753827e-09 6.943303e-11
2.768471e-09 6.889381e-11
2.783193e-09 6.836229e-11
2.797993e-09 6.783837e-11
2.812872e-09 6.732197e-11
2.827830e-09 6.681299e-11
2.842868e-09 6.631133e-11
2.857985e-09 6.581689e-11
2.873183e-09 6.532959e-11
2.888462e-09 6.484932e-11
2.903822e-09 6.437600e-11
2.919264e-09 6.390952e-11
2.934788e-09 6.344979e-11
2.950394e-09 6.299672e-11
2.966083e-09 6.255022e-11
2.981856e-09 6.211021e-11
2.997713e-09 6.167660e-11
3.013654e-09 6.124930e-11
3.029679e-09 6.082823e-11
3.045790e-09 6.041331e-11
3.061987e-09 6.000446e-11
3.078270e-09 5.960159e-11
3.094639e-09 5.920463e-11
3.111095e-09 5.881348e-11
3.127639e-09 5.842809e-11
3.144271e-09 5.804837e-11
3.160992e-09 5.767426e-11
3.177801e-09 5.730569e-11
3.194699e-09 5.694259e-11
3.211688e-09 5.658490e-11
3.228767e-09 5.623255e-11
3.245936e-09 5.588548e-11
3.263197e-09 5.554363e-11
3.280550e-09 5.520694e-11
3.297995e-09 5.487535e-11
3.315533e-09 5.454880e-11
3.333164e-09 5.422725e-11
3.350889e-09 5.391066e-11
3.368708e-09 5.359897e-11
3.386622e-09 5.329213e-11
3.404631e-09 5.299010e-11
3.422735e-09 5.269284e-11
3.440937e-09 5.240030e-11
3.459234e-09 5.211245e-11
3.477630e-09 5.182924e-11
3.496123e-09 5.155064e-11
3.514714e-09 5.127662e-11
3.533404e-09 5.100714e-11
3.552194e-09 5.074217e-11
3.571083e-09 5.048167e-11
3.590073e-09 5.022560e-11
3.609164e-09 4.997393e-11
3.628357e-09 4.972662e-11
3.647651e-09 4.948366e-11
3.667049e-09 4.924499e-11
3.686549e-09 4.901058e-11
3.706153e-09 4.878041e-11
3.725861e-09 4.855442e-11
3.745674e-09 4.833258e-11
3.765593e-09 4.811485e-11
3.785617e-09 4.790121e-11
3.805748e-09 4.769162e-11
3.825986e-09 4.748603e-11
3.846331e-09 4.728442e-11
3.866785e-09 4.708674e-11
3.887347e-09 4.689297e-11
3.908019e-09 4.670307e-11
3.928801e-09 4.651702e-11
3.949693e-09 4.633479e-11
3.970696e-09 4.615635e-11
3.991811e-09 4.598168e-11
4.013039e-09 4.581075e-11
4.034379e-09 4.564355e-11
4.055832e-09 4.548006e-11
4.077400e-09 4.532026e-11
4.099083e-09 4.516416e-11
4.120880e-09 4.501172e-11
4.142794e-09 4.486293e-11
4.164824e-09 4.471780e-11
4.186971e-09 4.457630e-11
4.209237e-09 4.443843e-11
4.231620e-09 4.430418e-11
4.254123e-09 4.417354e-11
4.276745e-09 4.404649e-11
4.299487e-09 4.392302e-11
4.322351e-09 4.380312e-11
4.345336e-09 4.368678e-11
4.368443e-09 4.357398e-11
4.391673e-09 4.346471e-11
4.415027e-09 4.335894e-11
4.438505e-09 4.325667e-11
4.462107e-09 4.315789e-11
4.485835e-09 4.306256e-11
4.509690e-09 4.297068e-11
4.533671e-09 4.288224e-11
4.557780e-09 4.279723e-11
4.582017e-09 4.271562e-11
4.606383e-09 4.263743e-11
4.630878e-09 4.256262e-11
4.655504e-09 4.249121e-11
4.680260e-09 4.242318e-11
4.705148e-09 4.235853e-11
4.730169e-09 4.229725e-11
4.755323e-09 4.223934e-11
4.780610e-09 4.218479e-11
4.806032e-09 4.213361e-11
4.831589e-09 4.208578e-11
4.857282e-09 4.204129e-11
4.883112e-09 4.200014e-11
4.909079e-09 4.196233e-11
4.935184e-09 4.192783e-11
4.961428e-09 4.189664e-11
4.987811e-09 4.186875e-11
5.014335e-09 4.184413e-11
5.041000e-09 4.182278e-11
5.067806e-09 4.180468e-11
5.094755e-09 4.178980e-11
5.121848e-09 4.177813e-11
5.149084e-09 4.176964e-11
5.176466e-09 4.176432e-11
5.203993e-09 4.176213e-11
5.231666e-09 4.176306e-11
5.259486e-09 4.176707e-11
5.287455e-09 4.177414e-11
5.315572e-09 4.178422e-11
5.343839e-09 4.179728e-11
5.372256e-09 4.181328e-11
5.400824e-09 4.183218e-11
5.429544e-09 4.185391e-11
5.458416e-09 4.187844e-11
5.487443e-09 4.190569e-11
5.516623e-09 4.193562e-11
5.545959e-09 4.196814e-11
5.575451e-09 4.200319e-11
5.605100e-09 4.204069e-11
5.634906e-09 4.208055e-11
5.664871e-09 4.212268e-11
5.694995e-09 4.216696e-11
5.725279e-09 4.221331e-11
5.755725e-09 4.226159e-11
5.786332e-09 4.231168e-11
5.817102e-09 4.236346e-11
5.848035e-09 4.241678e-11
5.879134e-09 4.247149e-11
5.910397e-09 4.252741e-11
5.941827e-09 4.258438e-11
5.973424e-09 4.264219e-11
6.005189e-09 4.270066e-11
6.037123e-09 4.275957e-11
6.069226e-09 4.281870e-11
6.101501e-09 4.287782e-11
6.133947e-09 4.293668e-11
6.166565e-09 4.299502e-11
6.199357e-09 4.305257e-11
6.232324e-09 4.310903e-11
6.265465e-09 4.316411e-11
6.298783e-09 4.321750e-11
6.332278e-09 4.326889e-11
6.365952e-09 4.331793e-11
6.399804e-09 4.336430e-11
6.433836e-09 4.340761e-11
6.468049e-09 4.344752e-11
6.502445e-09 4.348364e-11
6.537023e-09 4.351559e-11
6.571785e-09 4.354301e-11
6.606732e-09 4.356550e-11
6.641864e-09 4.358270e-11
6.677184e-09 4.359420e-11
6.712691e-09 4.359963e-11
6.748387e-09 4.359862e-11
6.784273e-09 4.359083e-11
6.820350e-09 4.357591e-11
6.856619e-09 4.355355e-11
6.893080e-09 4.352344e-11
6.929736e-09 4.348530e-11
6.966586e-09 4.343887e-11
7.003632e-09 4.338394e-11
7.040876e-09 4.332036e-11
7.078317e-09 4.324799e-11
7.115957e-09 4.316675e-11
7.153798e-09 4.307660e-11
7.191840e-09 4.297758e-11
7.230084e-09 4.286979e-11
7.268531e-09 4.275346e-11
7.307183e-09 4.262886e-11
7.346041e-09 4.249641e-11
7.385105e-09 4.235662e-11
7.424377e-09 4.221014e-11
7.463857e-09 4.205773e-11
7.503548e-09 4.190022e-11
7.543450e-09 4.173848e-11
7.583564e-09 4.157337e-11
7.623891e-09 4.140577e-11
7.664432e-09 4.123655e-11
7.705190e-09 4.106655e-11
7.746164e-09 4.089658e-11
7.787355e-09 4.072740e-11
7.828766e-09 4.055973e-11
7.870397e-09 4.039428e-11
7.912250e-09 4.023171e-11
7.954325e-09 4.007260e-11
7.996624e-09 3.991751e-11
8.039148e-09 3.976693e-11
8.081897e-09 3.962134e-11
8.124875e-09 3.948115e-11
8.168080e-09 3.934672e-11
8.211516e-09 3.921836e-11
8.255182e-09 3.909634e-11
8.299081e-09 3.898092e-11
8.343213e-09 3.887226e-11
8.387580e-09 3.877050e-11
8.432183e-09 3.867576e-11
8.477022e-09 3.858810e-11
8.522101e-09 3.850756e-11
8.567419e-09 3.843413e-11
8.612978e-09 3.836777e-11
8.658779e-09 3.830841e-11
8.704824e-09 3.825596e-11
8.751114e-09 3.821028e-11
8.797650e-09 3.817121e-11
8.844433e-09 3.813857e-11
8.891465e-09 3.811215e-11
8.938747e-09 3.809171e-11
8.986281e-09 3.807696e-11
9.034068e-09 3.806763e-11
9.082108e-09 3.806341e-11
9.130404e-09 3.806396e-11
9.178957e-09 3.806894e-11
9.227768e-09 3.807798e-11
9.276839e-09 3.809069e-11
9.326170e-09 3.810670e-11
9.375764e-09 3.812563e-11
9.425622e-09 3.814709e-11
9.475744e-09 3.817068e-11
9.526134e-09 3.819603e-11
9.576791e-09 3.822277e-11
9.627717e-09 3.825052e-11
9.678915e-09 3.827896e-11
9.730384e-09 3.830777e-11
9.782128e-09 3.833665e-11
9.834146e-09 3.836533e-11
9.886441e-09 3.839359e-11
9.939015e-09 3.842124e-11
9.991867e-09 3.844815e-11
1.004500e-08 3.847423e-11
1.009842e-08 3.849941e-11
1.015212e-08 3.852372e-11
1.020610e-08 3.854724e-11
1.026038e-08 3.857010e-11
1.031494e-08 3.859245e-11
1.036979e-08 3.861455e-11
1.042493e-08 3.863667e-11
1.048037e-08 3.865918e-11
1.053610e-08 3.868247e-11
1.059213e-08 3.870694e-11
1.064846e-08 3.873311e-11
1.070508e-08 3.876149e-11
1.076201e-08 3.879264e-11
1.081924e-08 3.882714e-11
1.087677e-08 3.886557e-11
1.093461e-08 3.890858e-11
1.099276e-08 3.895678e-11
1.105121e-08 3.901078e-11
1.110998e-08 3.907117e-11
1.116906e-08 3.913856e-11
1.122845e-08 3.921352e-11
1.128816e-08 3.929652e-11
1.134819e-08 3.938801e-11
1.140854e-08 3.948841e-11
1.146921e-08 3.959805e-11
1.153020e-08 3.971712e-11
1.159151e-08 3.984573e-11
1.165315e-08 3.998390e-11
1.171512e-08 4.013149e-11
1.177742e-08 4.028817e-11
1.184004e-08 4.045349e-11
1.190301e-08 4.062681e-11
1.196630e-08 4.080723e-11
1.202994e-08 4.099369e-11
1.209391e-08 4.118489e-11
1.215822e-08 4.137933e-11
1.222287e-08 4.157520e-11
1.228787e-08 4.177054e-11
1.235321e-08 4.196322e-11
1.241891e-08 4.215091e-11
1.248495e-08 4.233122e-11
1.255134e-08 4.250185e-11
1.261808e-08 4.266066e-11
1.268518e-08 4.280600e-11
1.275264e-08 4.293688e-11
1.282045e-08 4.305307e-11
1.288863e-08 4.315518e-11
1.295717e-08 4.324464e-11
1.302607e-08 4.332327e-11
1.309534e-08 4.339320e-11
1.316497e-08 4.345669e-11
1.323498e-08 4.351590e-11
1.330536e-08 4.357285e-11
1.337612e-08 4.362934e-11
1.344725e-08 4.368688e-11
1.351875e-08 4.374679e-11
1.359064e-08 4.381001e-11
1.366291e-08 4.387714e-11
1.373557e-08 4.394855e-11
1.380861e-08 4.402425e-11
1.388204e-08 4.410395e-11
1.395586e-08 4.418715e-11
1.403008e-08 4.427311e-11
1.410468e-08 4.436097e-11
1.417969e-08 4.444968e-11
1.425509e-08 4.453817e-11
1.433090e-08 4.462546e-11
1.440710e-08 4.471053e-11
1.448372e-08 4.479254e-11
1.456074e-08 4.487086e-11
1.463817e-08 4.494512e-11
1.471601e-08 4.501516e-11
1.479426e-08 4.508117e-11
1.487293e-08 4.514370e-11
1.495202e-08 4.520345e-11
1.503153e-08 4.526152e-11
1.511147e-08 4.531915e-11
1.519183e-08 4.537769e-11
1.527261e-08 4.543856e-11
1.535383e-08 4.550320e-11
1.543547e-08 4.557275e-11
1.551756e-08 4.564814e-11
1.560007e-08 4.572995e-11
1.568303e-08 4.581816e-11
1.576643e-08 4.591221e-11
1.585027e-08 4.601082e-11
1.593456e-08 4.611199e-11
1.601929e-08 4.621303e-11
1.610448e-08 4.631055e-11
1.619012e-08 4.640089e-11
1.627621e-08 4.648052e-11
1.636276e-08 4.654653e-11
1.644978e-08 4.659747e-11
1.653725e-08 4.663379e-11
1.662519e-08 4.665766e-11
1.671360e-08 4.667292e-11
1.680248e-08 4.668403e-11
1.689183e-08 4.669551e-11
1.698165e-08 4.671113e-11
1.707196e-08 4.673371e-11
1.716274e-08 4.676498e-11
1.725401e-08 4.680544e-11
1.734576e-08 4.685481e-11
1.743800e-08 4.691188e-11
1.753073e-08 4.697485e-11
1.762395e-08 4.704173e-11
1.771767e-08 4.711035e-11
1.781189e-08 4.717878e-11
1.790661e-08 4.724559e-11
1.800183e-08 4.731001e-11
1.809756e-08 4.737194e-11
1.819380e-08 4.743225e-11
1.829055e-08 4.749235e-11
1.838781e-08 4.755436e-11
1.848559e-08 4.762059e-11
1.858389e-08 4.769329e-11
1.868272e-08 4.777432e-11
1.878206e-08 4.786459e-11
1.888194e-08 4.796377e-11
1.898235e-08 4.807014e-11
1.908329e-08 4.818022e-11
1.918477e-08 4.828959e-11
1.928679e-08 4.839326e-11
1.938935e-08 4.848713e-11
1.949246e-08 4.856919e-11
1.959612e-08 4.864023e-11
1.970032e-08 4.870374e-11
1.980508e-08 4.876494e-11
1.991040e-08 4.882927e-11
2.001628e-08 4.890093e-11
2.012272e-08 4.898221e-11
2.022973e-08 4.907318e-11
2.033730e-08 4.917216e-11
2.044545e-08 4.927633e-11
2.055417e-08 4.938241e-11
2.066347e-08 4.948765e-11
2.077336e-08 4.959003e-11
2.088382e-08 4.968925e-11
2.099488e-08 4.978635e-11
2.110652e-08 4.988378e-11
2.121876e-08 4.998478e-11
2.133160e-08 5.009249e-11
2.144503e-08 5.020893e-11
2.155907e-08 5.033436e-11
2.167371e-08 5.046633e-11
2.178897e-08 5.060042e-11
2.190484e-08 5.073100e-11
2.202132e-08 5.085342e-11
2.213842e-08 5.096568e-11
2.225615e-08 5.106961e-11
2.237450e-08 5.117002e-11
2.249348e-08 5.127287e-11
2.261309e-08 5.138290e-11
2.273334e-08 5.150204e-11
2.285423e-08 5.162923e-11
2.297577e-08 5.176102e-11
2.309794e-08 5.189360e-11
2.322077e-08 5.202381e-11
2.334425e-08 5.215068e-11
2.346839e-08 5.227557e-11
2.359319e-08 5.240172e-11
2.371865e-08 5.253290e-11
2.384478e-08 5.267183e-11
2.397158e-08 5.281844e-11
2.409905e-08 5.296959e-11
2.422721e-08 5.312011e-11
2.435604e-08 5.326495e-11
2.448556e-08 5.340207e-11
2.461576e-08 5.353341e-11
2.474666e-08 5.366404e-11
2.487826e-08 5.379935e-11
2.501056e-08 5.394246e-11
2.514355e-08 5.409267e-11
2.527726e-08 5.424658e-11
2.541168e-08 5.440033e-11
2.554681e-08 5.455170e-11
2.568266e-08 5.470156e-11
2.581923e-08 5.485301e-11
2.595653e-08 5.500971e-11
2.609456e-08 5.517328e-11
2.623332e-08 5.534187e-11
2.637283e-08 5.551133e-11
2.651307e-08 5.567725e-11
2.665406e-08 5.583835e-11
2.679580e-08 5.599706e-11
2.693829e-08 5.615812e-11
2.708154e-08 5.632512e-11
2.722555e-08 5.649851e-11
2.737033e-08 5.667544e-11
2.751588e-08 5.685267e-11
2.766220e-08 5.702902e-11
2.780930e-08 5.720618e-11
2.795718e-08 5.738723e-11
2.810585e-08 5.757395e-11
2.825530e-08 5.776496e-11
2.840556e-08 5.795692e-11
2.855661e-08 5.814687e-11
2.870847e-08 5.833529e-11
2.886113e-08 5.852511e-11
2.901461e-08 5.871955e-11
2.916890e-08 5.891935e-11
2.932401e-08 5.912255e-11
2.947994e-08 5.932681e-11
2.963671e-08 5.953192e-11
2.979431e-08 5.973972e-11
2.995275e-08 5.995202e-11
3.011203e-08 6.016852e-11
3.027215e-08 6.038712e-11
3.043313e-08 6.060579e-11
3.059497e-08 6.082506e-11
3.075766e-08 6.104727e-11
3.092122e-08 6.127396e-11
3.108565e-08 6.150474e-11
3.125096e-08 6.173799e-11
3.141714e-08 6.197313e-11
3.158421e-08 6.221127e-11
3.175216e-08 6.245345e-11
3.192101e-08 6.269936e-11
3.209076e-08 6.294753e-11
3.226141e-08 6.319748e-11
3.243297e-08 6.344993e-11
3.260543e-08 6.370628e-11
3.277882e-08 6.396673e-11
3.295313e-08 6.423036e-11
3.312836e-08 6.449676e-11
3.330453e-08 6.476661e-11
3.348164e-08 6.504042e-11
3.365968e-08 6.531777e-11
3.383867e-08 6.559801e-11
3.401862e-08 6.588120e-11
3.419952e-08 6.616804e-11
3.438138e-08 6.645902e-11
3.456421e-08 6.675370e-11
3.474801e-08 6.705179e-11
3.493279e-08 6.735371e-11
3.511856e-08 6.765967e-11
3.530531e-08 6.796939e-11
3.549305e-08 6.828277e-11
3.568179e-08 6.859987e-11
3.587154e-08 6.892113e-11
3.606229e-08 6.924657e-11
3.625406e-08 6.957596e-11
3.644685e-08 6.990948e-11
3.664066e-08 7.024731e-11
3.683551e-08 7.058940e-11
3.703139e-08 7.093564e-11
3.722831e-08 7.128612e-11
3.742628e-08 7.164109e-11
3.762530e-08 7.200061e-11
3.782538e-08 7.236458e-11
3.802653e-08 7.273307e-11
3.822874e-08 7.310625e-11
3.843203e-08 7.348416e-11
3.863640e-08 7.386665e-11
3.884186e-08 7.425397e-11
3.904841e-08 7.464628e-11
3.925606e-08 7.504349e-11
3.946481e-08 7.544566e-11
3.967467e-08 7.585295e-11
3.988565e-08 7.626535e-11
4.009775e-08 7.668287e-11
4.031098e-08 7.710566e-11
4.052534e-08 7.753381e-11
4.074084e-08 7.796741e-11
4.095749e-08 7.840650e-11
4.117529e-08 7.885111e-11
4.139425e-08 7.930135e-11
4.161437e-08 7.975721e-11
4.183566e-08 8.021883e-11
4.205813e-08 8.068645e-11
4.228179e-08 8.116005e-11
4.250663e-08 8.163959e-11
4.273267e-08 8.212519e-11
4.295991e-08 8.261704e-11
4.318836e-08 8.311527e-11
4.341802e-08 8.361983e-11
4.364890e-08 8.413083e-11
4.388101e-08 8.464840e-11
4.411436e-08 8.517265e-11
4.434895e-08 8.570361e-11
4.458478e-08 8.624148e-11
4.482187e-08 8.678631e-11
4.506022e-08 8.733813e-11
4.529984e-08 8.789714e-11
4.554073e-08 8.846340e-11
4.578290e-08 8.903696e-11
4.602636e-08 8.961795e-11
4.627112e-08 9.020646e-11
4.651717e-08 9.080275e-11
4.676454e-08 9.140691e-11
4.701322e-08 9.201891e-11
4.726322e-08 9.263888e-11
4.751455e-08 9.326710e-11
4.776722e-08 9.390358e-11
4.802124e-08 9.454846e-11
4.827660e-08 9.520187e-11
4.853332e-08 9.586391e-11
4.879141e-08 9.653480e-11
4.905086e-08 9.721461e-11
4.931170e-08 9.790344e-11
4.957393e-08 9.860149e-11
4.983755e-08 9.930892e-11
5.010257e-08 1.000259e-10
5.036900e-08 1.007524e-10
5.063685e-08 1.014888e-10
5.090612e-08 1.022352e-10
5.117682e-08 1.029917e-10
5.144897e-08 1.037584e-10
5.172256e-08 1.045355e-10
5.199760e-08 1.053233e-10
5.227411e-08 1.061215e-10
5.255209e-08 1.069308e-10
5.283155e-08 1.077513e-10
5.311249e-08 1.085830e-10
5.339493e-08 1.094261e-10
5.367887e-08 1.102810e-10
5.396431e-08 1.111477e-10
5.425128e-08 1.120264e-10
5.453977e-08 1.129173e-10
5.482980e-08 1.138208e-10
5.512137e-08 1.147369e-10
5.541449e-08 1.156657e-10
5.570917e-08 1.166077e-10
5.600541e-08 1.175630e-10
5.630323e-08 1.185318e-10
5.660264e-08 1.195142e-10
5.690363e-08 1.205106e-10
5.720623e-08 1.215216e-10
5.751044e-08 1.225466e-10
5.781626e-08 1.235865e-10
5.812371e-08 1.246410e-10
5.843280e-08 1.257108e-10
5.874352e-08 1.267962e-10
5.905591e-08 1.278973e-10
5.936995e-08 1.290143e-10
5.968566e-08 1.301479e-10
6.000305e-08 1.312977e-10
6.032213e-08 1.324648e-10
6.064290e-08 1.336486e-10
6.096539e-08 1.348497e-10
6.128958e-08 1.360689e-10
6.161550e-08 1.373061e-10
6.194316e-08 1.385612e-10
6.227255e-08 1.398351e-10
6.260370e-08 1.411282e-10
6.293661e-08 1.424404e-10
6.327129e-08 1.437726e-10
6.360774e-08 1.451246e-10
6.394599e-08 1.464972e-10
6.428604e-08 1.478907e-10
6.462789e-08 1.493055e-10
6.497157e-08 1.507418e-10
6.531707e-08 1.521995e-10
6.566440e-08 1.536801e-10
6.601359e-08 1.551832e-10
6.636463e-08 1.567096e-10
6.671754e-08 1.582596e-10
6.707232e-08 1.598337e-10
6.742899e-08 1.614323e-10
6.778756e-08 1.630556e-10
6.814803e-08 1.647051e-10
6.851043e-08 1.663805e-10
6.887474e-08 1.680816e-10
6.924100e-08 1.698100e-10
6.960920e-08 1.715654e-10
6.997936e-08 1.733487e-10
7.035149e-08 1.751604e-10
7.072560e-08 1.770009e-10
7.110170e-08 1.788712e-10
7.147980e-08 1.807717e-10
7.185991e-08 1.827028e-10
7.224204e-08 1.846657e-10
7.262620e-08 1.866605e-10
7.301241e-08 1.886867e-10
7.340067e-08 1.907472e-10
7.379099e-08 1.928406e-10
7.418339e-08 1.949690e-10
7.457787e-08 1.971322e-10
7.497446e-08 1.993319e-10
7.537315e-08 2.015681e-10
7.577396e-08 2.038422e-10
7.617691e-08 2.061546e-10
7.658199e-08 2.085042e-10
7.698923e-08 2.108939e-10
7.739864e-08 2.133234e-10
7.781022e-08 2.157940e-10
7.822400e-08 2.183077e-10
7.863997e-08 2.208634e-10
7.905815e-08 2.234639e-10
7.947856e-08 2.261086e-10
7.990121e-08 2.287987e-10
8.032610e-08 2.315355e-10
8.075325e-08 2.343193e-10
8.118267e-08 2.371512e-10
8.161438e-08 2.400340e-10
8.204838e-08 2.429682e-10
8.248469e-08 2.459530e-10
8.292332e-08 2.489912e-10
8.336428e-08 2.520809e-10
8.380759e-08 2.552266e-10
8.425325e-08 2.584276e-10
8.470128e-08 2.616861e-10
8.515170e-08 2.650041e-10
8.560451e-08 2.683819e-10
8.605973e-08 2.718192e-10
8.651737e-08 2.753205e-10
8.697745e-08 2.788834e-10
8.743997e-08 2.825131e-10
8.790495e-08 2.862100e-10
8.837240e-08 2.899756e-10
8.884234e-08 2.938109e-10
8.931478e-08 2.977150e-10
8.978973e-08 3.016917e-10
9.026721e-08 3.057416e-10
9.074722e-08 3.098682e-10
9.122979e-08 3.140730e-10
9.171492e-08 3.183572e-10
9.220263e-08 3.227210e-10
9.269294e-08 3.271677e-10
9.318586e-08 3.316980e-10
9.368139e-08 3.363180e-10
9.417956e-08 3.410292e-10
9.468038e-08 3.458293e-10
9.518386e-08 3.507185e-10
9.569002e-08 3.557016e-10
9.619888e-08 3.607843e-10
9.671043e-08 3.659648e-10
9.722471e-08 3.712491e-10
9.774172e-08 3.766359e-10
9.826149e-08 3.821273e-10
9.878401e-08 3.877286e-10
9.930932e-08 3.934442e-10
9.983742e-08 3.992774e-10
1.003683e-07 4.052224e-10
1.009021e-07 4.112819e-10
1.014386e-07 4.174655e-10
1.019780e-07 4.237772e-10
1.025203e-07 4.302159e-10
1.030655e-07 4.367853e-10
1.036136e-07 4.434869e-10
1.041646e-07 4.503301e-10
1.047185e-07 4.573209e-10
1.052753e-07 4.644518e-10
1.058352e-07 4.717236e-10
1.063980e-07 4.791461e-10
1.069638e-07 4.867293e-10
1.075326e-07 4.944727e-10
1.081044e-07 5.023750e-10
1.086793e-07 5.104405e-10
1.092572e-07 5.186888e-10
1.098382e-07 5.271181e-10
1.104223e-07 5.357156e-10
1.110095e-07 5.444923e-10
1.115998e-07 5.534630e-10
1.121932e-07 5.626305e-10
1.127898e-07 5.719903e-10
1.133896e-07 5.815533e-10
1.139926e-07 5.913404e-10
1.145988e-07 6.013458e-10
1.152082e-07 6.115509e-10
1.158208e-07 6.219800e-10
1.164367e-07 6.326515e-10
1.170559e-07 6.435588e-10
1.176784e-07 6.546984e-10
1.183042e-07 6.661029e-10
1.189333e-07 6.777836e-10
1.195657e-07 6.896995e-10
1.202015e-07 7.018762e-10
1.208407e-07 7.143499e-10
1.214833e-07 7.271015e-10
1.221293e-07 7.401349e-10
1.227788e-07 7.534955e-10
1.234317e-07 7.671725e-10
1.240881e-07 7.811270e-10
1.247479e-07 7.954205e-10
1.254113e-07 8.100573e-10
1.260782e-07 8.250157e-10
1.267486e-07 8.403394e-10
1.274227e-07 8.560737e-10
1.281003e-07 8.721213e-10
1.287815e-07 8.885554e-10
1.294663e-07 9.054009e-10
1.301547e-07 9.226259e-10
1.308469e-07 9.402820e-10
1.315427e-07 9.584213e-10
1.322422e-07 9.769161e-10
1.329454e-07 9.958867e-10
1.336524e-07 1.015335e-09
1.343631e-07 1.035215e-09
1.350776e-07 1.055680e-09
1.357959e-07 1.076606e-09
1.365180e-07 1.098007e-09
1.372440e-07 1.119995e-09
1.379738e-07 1.142471e-09
1.387075e-07 1.165587e-09
1.394451e-07 1.189315e-09
1.401867e-07 1.213530e-09
1.409321e-07 1.238426e-09
1.416816e-07 1.263909e-09
1.424350e-07 1.290122e-09
1.431924e-07 1.317028e-09
1.439539e-07 1.344511e-09
1.447194e-07 1.372786e-09
1.454889e-07 1.401705e-09
1.462626e-07 1.431589e-09
1.470404e-07 1.462093e-09
1.478223e-07 1.493409e-09
1.486084e-07 1.525550e-09
1.493986e-07 1.558530e-09
1.501931e-07 1.592605e-09
1.509918e-07 1.627297e-09
1.517947e-07 1.663079e-09
1.526019e-07 1.699656e-09
1.534134e-07 1.737614e-09
1.542292e-07 1.776203e-09
1.550494e-07 1.816032e-09
1.558739e-07 1.856747e-09
1.567028e-07 1.899040e-09
1.575361e-07 1.942060e-09
1.583738e-07 1.986459e-09
1.592160e-07 2.031849e-09
1.600626e-07 2.079102e-09
1.609138e-07 2.127067e-09
1.617695e-07 2.176694e-09
1.626298e-07 2.227412e-09
1.634946e-07 2.280240e-09
1.643640e-07 2.333906e-09
1.652380e-07 2.389304e-09
1.661167e-07 2.446457e-09
1.670001e-07 2.505178e-09
1.678881e-07 2.565583e-09
1.687809e-07 2.627339e-09
1.696784e-07 2.691986e-09
1.705807e-07 2.757465e-09
1.714878e-07 2.825138e-09
1.723998e-07 2.895385e-09
1.733165e-07 2.966936e-09
1.742382e-07 3.041082e-09
1.751647e-07 3.117131e-09
1.760962e-07 3.195931e-09
1.770326e-07 3.276926e-09
1.779740e-07 3.359697e-09
1.789205e-07 3.446368e-09
1.798719e-07 3.534854e-09
1.808284e-07 3.625347e-09
1.817900e-07 3.720454e-09
1.827567e-07 3.817353e-09
1.837286e-07 3.916545e-09
1.847056e-07 4.020677e-09
1.856878e-07 4.127143e-09
1.866752e-07 4.236401e-09
1.876679e-07 4.349913e-09
1.886659e-07 4.466947e-09
1.896691e-07 4.588415e-09
1.906777e-07 4.711868e-09
1.916917e-07 4.839673e-09
1.927111e-07 4.974721e-09
1.937359e-07 5.110924e-09
1.947661e-07 5.250945e-09
1.958018e-07 5.398139e-09
1.968430e-07 5.549108e-09
1.978898e-07 5.707408e-09
1.989421e-07 5.867036e-09
2.000000e-07 6.031556e-09
