# sqrt(Delta_m21^2) [eV]    g_IAXO [GeV^-1]    (varphi = pi/4, w_res = 100 eV)
1.000000e-09 2.825035e-08
1.009262e-09 2.773421e-08
1.018610e-09 2.722751e-08
1.028045e-09 2.673006e-08
1.037567e-09 2.624169e-08
1.047177e-09 2.576226e-08
1.056876e-09 2.529158e-08
1.066665e-09 2.482950e-08
1.076545e-09 2.437586e-08
1.086516e-09 2.393051e-08
1.096579e-09 2.349330e-08
1.106736e-09 2.306407e-08
1.116987e-09 2.264269e-08
1.127333e-09 2.222901e-08
1.137774e-09 2.182288e-08
1.148312e-09 2.142417e-08
1.158948e-09 2.103275e-08
1.169683e-09 2.064848e-08
1.180517e-09 2.027123e-08
1.191451e-09 1.990088e-08
1.202486e-09 1.953729e-08
1.213624e-09 1.918034e-08
1.224865e-09 1.882991e-08
1.236210e-09 1.848589e-08
1.247660e-09 1.814815e-08
1.259216e-09 1.781658e-08
1.270879e-09 1.749107e-08
1.282650e-09 1.717151e-08
1.294530e-09 1.685779e-08
1.306520e-09 1.654979e-08
1.318621e-09 1.624743e-08
1.330835e-09 1.595059e-08
1.343161e-09 1.565917e-08
1.355602e-09 1.537308e-08
1.368158e-09 1.509221e-08
1.380830e-09 1.481647e-08
1.393619e-09 1.454578e-08
1.406527e-09 1.428003e-08
1.419555e-09 1.401913e-08
1.432703e-09 1.376300e-08
1.445973e-09 1.351155e-08
1.459366e-09 1.326470e-08
1.472883e-09 1.302235e-08
1.486525e-09 1.278443e-08
1.500293e-09 1.255086e-08
1.514189e-09 1.232156e-08
1.528214e-09 1.209644e-08
1.542369e-09 1.187544e-08
1.556654e-09 1.165848e-08
1.571072e-09 1.144548e-08
1.585624e-09 1.123637e-08
1.600310e-09 1.103109e-08
1.615133e-09 1.082955e-08
1.630092e-09 1.063169e-08
1.645191e-09 1.043745e-08
1.660429e-09 1.024676e-08
1.675808e-09 1.005956e-08
1.691330e-09 9.875771e-09
1.706995e-09 9.695343e-09
1.722805e-09 9.518211e-09
1.738762e-09 9.344315e-09
1.754867e-09 9.173597e-09
1.771121e-09 9.005997e-09
1.787526e-09 8.841460e-09
1.804082e-09 8.679929e-09
1.820792e-09 8.521350e-09
1.837656e-09 8.365667e-09
1.854677e-09 8.212829e-09
1.871855e-09 8.062784e-09
1.889193e-09 7.915480e-09
1.906691e-09 7.770867e-09
1.924351e-09 7.628896e-09
1.942175e-09 7.489520e-09
1.960163e-09 7.352690e-09
1.978319e-09 7.218359e-09
1.996642e-09 7.086484e-09
2.015136e-09 6.957017e-09
2.033800e-09 6.829916e-09
2.052638e-09 6.705138e-09
2.071650e-09 6.582639e-09
2.090838e-09 6.462378e-09
2.110203e-09 6.344315e-09
2.129749e-09 6.228409e-09
2.149475e-09 6.114620e-09
2.169384e-09 6.002911e-09
2.189477e-09 5.893242e-09
2.209756e-09 5.785578e-09
2.230223e-09 5.679880e-09
2.250880e-09 5.576114e-09
2.271728e-09 5.474244e-09
2.292769e-09 5.374235e-09
2.314005e-09 5.276053e-09
2.335438e-09 5.179665e-09
2.357069e-09 5.085039e-09
2.378901e-09 4.992141e-09
2.400935e-09 4.900941e-09
2.423173e-09 4.811407e-09
2.445617e-09 4.723509e-09
2.468268e-09 4.637217e-09
2.491130e-09 4.552501e-09
2.514203e-09 4.469334e-09
2.537490e-09 4.387686e-09
2.560993e-09 4.307530e-09
2.584714e-09 4.228839e-09
2.608654e-09 4.151586e-09
2.632815e-09 4.075744e-09
2.657201e-09 4.001288e-09
2.681813e-09 3.928192e-09
2.706652e-09 3.856432e-09
2.731722e-09 3.785984e-09
2.757023e-09 3.716822e-09
2.782559e-09 3.648925e-09
2.808332e-09 3.582268e-09
2.834343e-09 3.516829e-09
2.860596e-09 3.452585e-09
2.887091e-09 3.389516e-09
2.913832e-09 3.327599e-09
2.940820e-09 3.266814e-09
2.968059e-09 3.207139e-09
2.995549e-09 3.148555e-09
3.023295e-09 3.091041e-09
3.051297e-09 3.034579e-09
3.079559e-09 2.979148e-09
3.108082e-09 2.924730e-09
3.136870e-09 2.871306e-09
3.165924e-09 2.818859e-09
3.195248e-09 2.767370e-09
3.224842e-09 2.716822e-09
3.254712e-09 2.667198e-09
3.284857e-09 2.618481e-09
3.315282e-09 2.570654e-09
3.345989e-09 2.523701e-09
3.376980e-09 2.477606e-09
3.408259e-09 2.432354e-09
3.439826e-09 2.387929e-09
3.471687e-09 2.344315e-09
3.503842e-09 2.301499e-09
3.536296e-09 2.259465e-09
3.569049e-09 2.218200e-09
3.602107e-09 2.177688e-09
3.635470e-09 2.137917e-09
3.669142e-09 2.098873e-09
3.703127e-09 2.060543e-09
3.737426e-09 2.022913e-09
3.772042e-09 1.985971e-09
3.806980e-09 1.949705e-09
3.842241e-09 1.914101e-09
3.877828e-09 1.879148e-09
3.913746e-09 1.844834e-09
3.949995e-09 1.811147e-09
3.986581e-09 1.778076e-09
4.023506e-09 1.745610e-09
4.060772e-09 1.713737e-09
4.098384e-09 1.682447e-09
4.136344e-09 1.651729e-09
4.174655e-09 1.621572e-09
4.213322e-09 1.591967e-09
4.252346e-09 1.562903e-09
4.291732e-09 1.534371e-09
4.331483e-09 1.506360e-09
4.371602e-09 1.478861e-09
4.412093e-09 1.451865e-09
4.452959e-09 1.425363e-09
4.494203e-09 1.399346e-09
4.535829e-09 1.373804e-09
4.577841e-09 1.348730e-09
4.620241e-09 1.324114e-09
4.663035e-09 1.299948e-09
4.706225e-09 1.276224e-09
4.749815e-09 1.252934e-09
4.793808e-09 1.230070e-09
4.838210e-09 1.207625e-09
4.883022e-09 1.185590e-09
4.928250e-09 1.163958e-09
4.973896e-09 1.142722e-09
5.019965e-09 1.121874e-09
5.066461e-09 1.101408e-09
5.113388e-09 1.081316e-09
5.160749e-09 1.061592e-09
5.208549e-09 1.042229e-09
5.256791e-09 1.023220e-09
5.305481e-09 1.004559e-09
5.354621e-09 9.862401e-10
5.404216e-09 9.682562e-10
5.454271e-09 9.506015e-10
5.504790e-09 9.332700e-10
5.555776e-09 9.162558e-10
5.607235e-09 8.995532e-10
5.659170e-09 8.831564e-10
5.711586e-09 8.670598e-10
5.764488e-09 8.512581e-10
5.817880e-09 8.357458e-10
5.871766e-09 8.205177e-10
5.926152e-09 8.055685e-10
5.981041e-09 7.908933e-10
6.036439e-09 7.764869e-10
6.092349e-09 7.623446e-10
6.148778e-09 7.484614e-10
6.205729e-09 7.348327e-10
6.263207e-09 7.214539e-10
6.321218e-09 7.083204e-10
6.379767e-09 6.954276e-10
6.438857e-09 6.827714e-10
6.498495e-09 6.703472e-10
6.558686e-09 6.581510e-10
6.619433e-09 6.461785e-10
6.680744e-09 6.344258e-10
6.742622e-09 6.228887e-10
6.805074e-09 6.115634e-10
6.868104e-09 6.004460e-10
6.931717e-09 5.895328e-10
6.995920e-09 5.788200e-10
7.060718e-09 5.683040e-10
7.126115e-09 5.579811e-10
7.192119e-09 5.478480e-10
7.258734e-09 5.379012e-10
7.325965e-09 5.281372e-10
7.393820e-09 5.185527e-10
7.462303e-09 5.091446e-10
7.531420e-09 4.999095e-10
7.601178e-09 4.908444e-10
7.671581e-09 4.819461e-10
7.742637e-09 4.732116e-10
7.814351e-09 4.646381e-10
7.886729e-09 4.562224e-10
7.959777e-09 4.479619e-10
8.033502e-09 4.398536e-10
8.107910e-09 4.318948e-10
8.183007e-09 4.240828e-10
8.258799e-09 4.164150e-10
8.335294e-09 4.088887e-10
8.412497e-09 4.015014e-10
8.490415e-09 3.942505e-10
8.569055e-09 3.871336e-10
8.648423e-09 3.801483e-10
8.728527e-09 3.732922e-10
8.809372e-09 3.665629e-10
8.890966e-09 3.599581e-10
8.973316e-09 3.534757e-10
9.056428e-09 3.471134e-10
9.140311e-09 3.408690e-10
9.224970e-09 3.347404e-10
9.310413e-09 3.287255e-10
9.396648e-09 3.228223e-10
9.483682e-09 3.170287e-10
9.571522e-09 3.113428e-10
9.660175e-09 3.057626e-10
9.749649e-09 3.002863e-10
9.839952e-09 2.949119e-10
9.931092e-09 2.896376e-10
1.002308e-08 2.844617e-10
1.011591e-08 2.793823e-10
1.020961e-08 2.743977e-10
1.030417e-08 2.695062e-10
1.039961e-08 2.647062e-10
1.049593e-08 2.599960e-10
1.059315e-08 2.553739e-10
1.069126e-08 2.508384e-10
1.079029e-08 2.463880e-10
1.089023e-08 2.420210e-10
1.099110e-08 2.377361e-10
1.109290e-08 2.335317e-10
1.119564e-08 2.294065e-10
1.129934e-08 2.253588e-10
1.140400e-08 2.213875e-10
1.150962e-08 2.174911e-10
1.161623e-08 2.136682e-10
1.172382e-08 2.099176e-10
1.183241e-08 2.062379e-10
1.194200e-08 2.026278e-10
1.205261e-08 1.990862e-10
1.216424e-08 1.956118e-10
1.227691e-08 1.922033e-10
1.239062e-08 1.888596e-10
1.250539e-08 1.855795e-10
1.262121e-08 1.823619e-10
1.273811e-08 1.792057e-10
1.285610e-08 1.761096e-10
1.297517e-08 1.730727e-10
1.309535e-08 1.700938e-10
1.321664e-08 1.671719e-10
1.333906e-08 1.643060e-10
1.346261e-08 1.614950e-10
1.358730e-08 1.587380e-10
1.371315e-08 1.560339e-10
1.384016e-08 1.533817e-10
1.396835e-08 1.507805e-10
1.409773e-08 1.482294e-10
1.422830e-08 1.457275e-10
1.436009e-08 1.432737e-10
1.449310e-08 1.408672e-10
1.462733e-08 1.385071e-10
1.476281e-08 1.361925e-10
1.489955e-08 1.339225e-10
1.503755e-08 1.316964e-10
1.517683e-08 1.295131e-10
1.531740e-08 1.273720e-10
1.545928e-08 1.252721e-10
1.560246e-08 1.232127e-10
1.574698e-08 1.211929e-10
1.589283e-08 1.192120e-10
1.604003e-08 1.172691e-10
1.618860e-08 1.153634e-10
1.633854e-08 1.134942e-10
1.648987e-08 1.116608e-10
1.664260e-08 1.098623e-10
1.679675e-08 1.080980e-10
1.695232e-08 1.063671e-10
1.710934e-08 1.046690e-10
1.726781e-08 1.030028e-10
1.742775e-08 1.013679e-10
1.758917e-08 9.976356e-11
1.775208e-08 9.818900e-11
1.791650e-08 9.664355e-11
1.808245e-08 9.512651e-11
1.824993e-08 9.363719e-11
1.841897e-08 9.217490e-11
1.858957e-08 9.073897e-11
1.876175e-08 8.932872e-11
1.893552e-08 8.794351e-11
1.911091e-08 8.658267e-11
1.928792e-08 8.524557e-11
1.946656e-08 8.393157e-11
1.964687e-08 8.264006e-11
1.982884e-08 8.137042e-11
2.001250e-08 8.012208e-11
2.019786e-08 7.889443e-11
2.038493e-08 7.768693e-11
2.057374e-08 7.649901e-11
2.076430e-08 7.533015e-11
2.095662e-08 7.417984e-11
2.115073e-08 7.304756e-11
2.134663e-08 7.193285e-11
2.154435e-08 7.083525e-11
2.174389e-08 6.975431e-11
2.194529e-08 6.868964e-11
2.214855e-08 6.764082e-11
2.235370e-08 6.660750e-11
2.256074e-08 6.558933e-11
2.276970e-08 6.458597e-11
2.298060e-08 6.359713e-11
2.319345e-08 6.262254e-11
2.340827e-08 6.166193e-11
2.362508e-08 6.071507e-11
2.384390e-08 5.978175e-11
2.406475e-08 5.886178e-11
2.428764e-08 5.795498e-11
2.451260e-08 5.706121e-11
2.473964e-08 5.618032e-11
2.496878e-08 5.531220e-11
2.520005e-08 5.445674e-11
2.543346e-08 5.361383e-11
2.566903e-08 5.278341e-11
2.590678e-08 5.196539e-11
2.614673e-08 5.115970e-11
2.638891e-08 5.036629e-11
2.663333e-08 4.958509e-11
2.688001e-08 4.881605e-11
2.712898e-08 4.805911e-11
2.738025e-08 4.731421e-11
2.763385e-08 4.658130e-11
2.788980e-08 4.586032e-11
2.814812e-08 4.515118e-11
2.840884e-08 4.445383e-11
2.867196e-08 4.376817e-11
2.893753e-08 4.309414e-11
2.920556e-08 4.243162e-11
2.947606e-08 4.178053e-11
2.974908e-08 4.114074e-11
3.002462e-08 4.051216e-11
3.030271e-08 3.989464e-11
3.058338e-08 3.928805e-11
3.086665e-08 3.869227e-11
3.115254e-08 3.810714e-11
3.144108e-08 3.753251e-11
3.173230e-08 3.696822e-11
3.202621e-08 3.641411e-11
3.232284e-08 3.587000e-11
3.262222e-08 3.533573e-11
3.292437e-08 3.481112e-11
3.322933e-08 3.429599e-11
3.353710e-08 3.379015e-11
3.384773e-08 3.329341e-11
3.416123e-08 3.280560e-11
3.447764e-08 3.232652e-11
3.479698e-08 3.185598e-11
3.511928e-08 3.139379e-11
3.544456e-08 3.093976e-11
3.577285e-08 3.049370e-11
3.610419e-08 3.005542e-11
3.643859e-08 2.962474e-11
3.677609e-08 2.920146e-11
3.711672e-08 2.878541e-11
3.746050e-08 2.837641e-11
3.780747e-08 2.797428e-11
3.815765e-08 2.757885e-11
3.851107e-08 2.718996e-11
3.886777e-08 2.680745e-11
3.922777e-08 2.643116e-11
3.959110e-08 2.606094e-11
3.995780e-08 2.569667e-11
4.032790e-08 2.533819e-11
4.070142e-08 2.498540e-11
4.107841e-08 2.463818e-11
4.145888e-08 2.429641e-11
4.184289e-08 2.395999e-11
4.223044e-08 2.362884e-11
4.262159e-08 2.330287e-11
4.301636e-08 2.298200e-11
4.341478e-08 2.266617e-11
4.381690e-08 2.235530e-11
4.422274e-08 2.204935e-11
4.463234e-08 2.174826e-11
4.504573e-08 2.145198e-11
4.546295e-08 2.116048e-11
4.588404e-08 2.087371e-11
4.630903e-08 2.059163e-11
4.673795e-08 2.031422e-11
4.717085e-08 2.004142e-11
4.760775e-08 1.977321e-11
4.804870e-08 1.950954e-11
4.849374e-08 1.925039e-11
4.894290e-08 1.899570e-11
4.939622e-08 1.874542e-11
4.985373e-08 1.849953e-11
5.031549e-08 1.825795e-11
5.078152e-08 1.802063e-11
5.125187e-08 1.778751e-11
5.172657e-08 1.755853e-11
5.220568e-08 1.733362e-11
5.268921e-08 1.711270e-11
5.317723e-08 1.689570e-11
5.366977e-08 1.668255e-11
5.416687e-08 1.647316e-11
5.466857e-08 1.626745e-11
5.517492e-08 1.606535e-11
5.568596e-08 1.586678e-11
5.620174e-08 1.567167e-11
5.672229e-08 1.547993e-11
5.724766e-08 1.529150e-11
5.777790e-08 1.510632e-11
5.831305e-08 1.492432e-11
5.885316e-08 1.474544e-11
5.939827e-08 1.456963e-11
5.994843e-08 1.439685e-11
6.050368e-08 1.422704e-11
6.106408e-08 1.406017e-11
6.162966e-08 1.389619e-11
6.220049e-08 1.373507e-11
6.277660e-08 1.357677e-11
6.335805e-08 1.342127e-11
6.394488e-08 1.326853e-11
6.453715e-08 1.311851e-11
6.513491e-08 1.297119e-11
6.573820e-08 1.282654e-11
6.634708e-08 1.268452e-11
6.696160e-08 1.254510e-11
6.758181e-08 1.240824e-11
6.820777e-08 1.227391e-11
6.883952e-08 1.214208e-11
6.947713e-08 1.201270e-11
7.012064e-08 1.188574e-11
7.077011e-08 1.176116e-11
7.142559e-08 1.163893e-11
7.208715e-08 1.151901e-11
7.275484e-08 1.140136e-11
7.342870e-08 1.128595e-11
7.410882e-08 1.117275e-11
7.479523e-08 1.106171e-11
7.548799e-08 1.095280e-11
7.618718e-08 1.084600e-11
7.689284e-08 1.074128e-11
7.760503e-08 1.063860e-11
7.832383e-08 1.053794e-11
7.904928e-08 1.043927e-11
7.978145e-08 1.034257e-11
8.052040e-08 1.024782e-11
8.126619e-08 1.015498e-11
8.201889e-08 1.006403e-11
8.277857e-08 9.974962e-12
8.354528e-08 9.887744e-12
8.431909e-08 9.802359e-12
8.510007e-08 9.718785e-12
8.588829e-08 9.637002e-12
8.668380e-08 9.556989e-12
8.748668e-08 9.478730e-12
8.829700e-08 9.402207e-12
8.911482e-08 9.327400e-12
8.994022e-08 9.254292e-12
9.077327e-08 9.182865e-12
9.161402e-08 9.113103e-12
9.246257e-08 9.044990e-12
9.331898e-08 8.978511e-12
9.418332e-08 8.913649e-12
9.505566e-08 8.850389e-12
9.593608e-08 8.788715e-12
9.682466e-08 8.728613e-12
9.772147e-08 8.670070e-12
9.862658e-08 8.613070e-12
9.954008e-08 8.557601e-12
1.004620e-07 8.503647e-12
1.013925e-07 8.451197e-12
1.023317e-07 8.400237e-12
1.032795e-07 8.350756e-12
1.042361e-07 8.302739e-12
1.052015e-07 8.256175e-12
1.061759e-07 8.211054e-12
1.071593e-07 8.167361e-12
1.081519e-07 8.125085e-12
1.091536e-07 8.084214e-12
1.101646e-07 8.044735e-12
1.111850e-07 8.006634e-12
1.122148e-07 7.969897e-12
1.132541e-07 7.934508e-12
1.143031e-07 7.900454e-12
1.153618e-07 7.867714e-12
1.164303e-07 7.836273e-12
1.175087e-07 7.806110e-12
1.185971e-07 7.777206e-12
1.196956e-07 7.749539e-12
1.208042e-07 7.723087e-12
1.219231e-07 7.697824e-12
1.230524e-07 7.673726e-12
1.241921e-07 7.650765e-12
1.253424e-07 7.628911e-12
1.265034e-07 7.608132e-12
1.276751e-07 7.588393e-12
1.288576e-07 7.569655e-12
1.300511e-07 7.551877e-12
1.312557e-07 7.535016e-12
1.324714e-07 7.519023e-12
1.336984e-07 7.503849e-12
1.349367e-07 7.489439e-12
1.361865e-07 7.475737e-12
1.374479e-07 7.462684e-12
1.387210e-07 7.450217e-12
1.400058e-07 7.438271e-12
1.413026e-07 7.426779e-12
1.426114e-07 7.415670e-12
1.439323e-07 7.404871e-12
1.452654e-07 7.394308e-12
1.466109e-07 7.383904e-12
1.479688e-07 7.373583e-12
1.493393e-07 7.363270e-12
1.507225e-07 7.352890e-12
1.521186e-07 7.342372e-12
1.535275e-07 7.331650e-12
1.549495e-07 7.320660e-12
1.563847e-07 7.309346e-12
1.578331e-07 7.297658e-12
1.592950e-07 7.285554e-12
1.607704e-07 7.273001e-12
1.622595e-07 7.259975e-12
1.637624e-07 7.246460e-12
1.652792e-07 7.232453e-12
1.668101e-07 7.217960e-12
1.683551e-07 7.203003e-12
1.699144e-07 7.187611e-12
1.714882e-07 7.171827e-12
1.730766e-07 7.155705e-12
1.746796e-07 7.139308e-12
1.762975e-07 7.122712e-12
1.779304e-07 7.105999e-12
1.795785e-07 7.089257e-12
1.812418e-07 7.072580e-12
1.829205e-07 7.056068e-12
1.846147e-07 7.039825e-12
1.863246e-07 7.023953e-12
1.880504e-07 7.008555e-12
1.897922e-07 6.993737e-12
1.915501e-07 6.979602e-12
1.933242e-07 6.966247e-12
1.951148e-07 6.953770e-12
1.969220e-07 6.942265e-12
1.987460e-07 6.931819e-12
2.005868e-07 6.922510e-12
2.024447e-07 6.914417e-12
2.043197e-07 6.907605e-12
2.062122e-07 6.902134e-12
2.081222e-07 6.898056e-12
2.100498e-07 6.895418e-12
2.119953e-07 6.894255e-12
2.139589e-07 6.894600e-12
2.159406e-07 6.896475e-12
2.179407e-07 6.899894e-12
2.199593e-07 6.904863e-12
2.219966e-07 6.911383e-12
2.240528e-07 6.919440e-12
2.261280e-07 6.929017e-12
2.282224e-07 6.940087e-12
2.303363e-07 6.952613e-12
2.324697e-07 6.966554e-12
2.346229e-07 6.981856e-12
2.367960e-07 6.998461e-12
2.389893e-07 7.016302e-12
2.412028e-07 7.035298e-12
2.434369e-07 7.055369e-12
2.456916e-07 7.076420e-12
2.479673e-07 7.098356e-12
2.502640e-07 7.121067e-12
2.525820e-07 7.144443e-12
2.549215e-07 7.168369e-12
2.572826e-07 7.192722e-12
2.596656e-07 7.217379e-12
2.620707e-07 7.242217e-12
2.644980e-07 7.267108e-12
2.669478e-07 7.291927e-12
2.694204e-07 7.316553e-12
2.719158e-07 7.340872e-12
2.744343e-07 7.364766e-12
2.769762e-07 7.388140e-12
2.795416e-07 7.410895e-12
2.821308e-07 7.432950e-12
2.847439e-07 7.454236e-12
2.873813e-07 7.474694e-12
2.900430e-07 7.494281e-12
2.927295e-07 7.512970e-12
2.954408e-07 7.530746e-12
2.981772e-07 7.547609e-12
3.009390e-07 7.563577e-12
3.037264e-07 7.578673e-12
3.065395e-07 7.592945e-12
3.093788e-07 7.606438e-12
3.122443e-07 7.619218e-12
3.151363e-07 7.631356e-12
3.180552e-07 7.642923e-12
3.210011e-07 7.654010e-12
3.239743e-07 7.664691e-12
3.269750e-07 7.675066e-12
3.300035e-07 7.685211e-12
3.330600e-07 7.695222e-12
3.361449e-07 7.705174e-12
3.392583e-07 7.715162e-12
3.424006e-07 7.725250e-12
3.455720e-07 7.735524e-12
3.487727e-07 7.746040e-12
3.520031e-07 7.756870e-12
3.552635e-07 7.768066e-12
3.585540e-07 7.779681e-12
3.618750e-07 7.791760e-12
3.652267e-07 7.804343e-12
3.686095e-07 7.817464e-12
3.720237e-07 7.831151e-12
3.754694e-07 7.845430e-12
3.789471e-07 7.860322e-12
3.824570e-07 7.875834e-12
3.859994e-07 7.891992e-12
3.895746e-07 7.908789e-12
3.931829e-07 7.926240e-12
3.968246e-07 7.944344e-12
4.005001e-07 7.963103e-12
4.042096e-07 7.982507e-12
4.079535e-07 8.002561e-12
4.117320e-07 8.023252e-12
4.155455e-07 8.044577e-12
4.193944e-07 8.066518e-12
4.232789e-07 8.089081e-12
4.271994e-07 8.112243e-12
4.311562e-07 8.136006e-12
4.351497e-07 8.160348e-12
4.391801e-07 8.185263e-12
4.432479e-07 8.210743e-12
4.473533e-07 8.236772e-12
4.514968e-07 8.263340e-12
4.556786e-07 8.290446e-12
4.598992e-07 8.318059e-12
4.641589e-07 8.346191e-12
4.684580e-07 8.374821e-12
4.727970e-07 8.403943e-12
4.771761e-07 8.433547e-12
4.815958e-07 8.463635e-12
4.860564e-07 8.494199e-12
4.905584e-07 8.525223e-12
4.951020e-07 8.556727e-12
4.996877e-07 8.588692e-12
5.043159e-07 8.621133e-12
5.089870e-07 8.654042e-12
5.137014e-07 8.687421e-12
5.184594e-07 8.721286e-12
5.232614e-07 8.755640e-12
5.281080e-07 8.790485e-12
5.329994e-07 8.825842e-12
5.379362e-07 8.861720e-12
5.429186e-07 8.898114e-12
5.479472e-07 8.935060e-12
5.530224e-07 8.972561e-12
5.581446e-07 9.010635e-12
5.633143e-07 9.049294e-12
5.685318e-07 9.088551e-12
5.737976e-07 9.128435e-12
5.791123e-07 9.168959e-12
5.844761e-07 9.210129e-12
5.898896e-07 9.251969e-12
5.953533e-07 9.294503e-12
6.008676e-07 9.337734e-12
6.064329e-07 9.381689e-12
6.120498e-07 9.426394e-12
6.177188e-07 9.471854e-12
6.234402e-07 9.518086e-12
6.292146e-07 9.565113e-12
6.350425e-07 9.612949e-12
6.409244e-07 9.661625e-12
6.468608e-07 9.711152e-12
6.528521e-07 9.761540e-12
6.588990e-07 9.812819e-12
6.650018e-07 9.865007e-12
6.711612e-07 9.918127e-12
6.773776e-07 9.972193e-12
6.836516e-07 1.002722e-11
6.899837e-07 1.008324e-11
6.963745e-07 1.014025e-11
7.028244e-07 1.019826e-11
7.093341e-07 1.025726e-11
7.159041e-07 1.031724e-11
7.225349e-07 1.037822e-11
7.292272e-07 1.044021e-11
7.359814e-07 1.050325e-11
7.427982e-07 1.056737e-11
7.496782e-07 1.063261e-11
7.566219e-07 1.069901e-11
7.636298e-07 1.076658e-11
7.707027e-07 1.083538e-11
7.778411e-07 1.090544e-11
7.850456e-07 1.097677e-11
7.923169e-07 1.104940e-11
7.996555e-07 1.112335e-11
8.070620e-07 1.119864e-11
8.145372e-07 1.127530e-11
8.220816e-07 1.135331e-11
8.296959e-07 1.143271e-11
8.373807e-07 1.151350e-11
8.451366e-07 1.159572e-11
8.529644e-07 1.167943e-11
8.608648e-07 1.176465e-11
8.688383e-07 1.185145e-11
8.768856e-07 1.193990e-11
8.850075e-07 1.203009e-11
8.932046e-07 1.212206e-11
9.014776e-07 1.221587e-11
9.098273e-07 1.231152e-11
9.182543e-07 1.240882e-11
9.267593e-07 1.250773e-11
9.353432e-07 1.260830e-11
9.440065e-07 1.271066e-11
9.527500e-07 1.281492e-11
9.615746e-07 1.292124e-11
9.704809e-07 1.302969e-11
9.794697e-07 1.314032e-11
9.885417e-07 1.325320e-11
9.976978e-07 1.336828e-11
1.006939e-06 1.348555e-11
1.016265e-06 1.360499e-11
1.025678e-06 1.372664e-11
1.035178e-06 1.385054e-11
1.044766e-06 1.397695e-11
1.054443e-06 1.410608e-11
1.064209e-06 1.423815e-11
1.074066e-06 1.437327e-11
1.084014e-06 1.451098e-11
1.094055e-06 1.465078e-11
1.104188e-06 1.479286e-11
1.114415e-06 1.493764e-11
1.124737e-06 1.508554e-11
1.135155e-06 1.523678e-11
1.145669e-06 1.539138e-11
1.156280e-06 1.554923e-11
1.166990e-06 1.571007e-11
1.177799e-06 1.587389e-11
1.188708e-06 1.604089e-11
1.199718e-06 1.621182e-11
1.210830e-06 1.638732e-11
1.222045e-06 1.656741e-11
1.233363e-06 1.675035e-11
1.244787e-06 1.693572e-11
1.256317e-06 1.712461e-11
1.267953e-06 1.731801e-11
1.279697e-06 1.751633e-11
1.291550e-06 1.771927e-11
1.303512e-06 1.792599e-11
1.315586e-06 1.813643e-11
1.327771e-06 1.835167e-11
1.340069e-06 1.857365e-11
1.352481e-06 1.880240e-11
1.365008e-06 1.903379e-11
1.377651e-06 1.926797e-11
1.390411e-06 1.950765e-11
1.403289e-06 1.975443e-11
1.416287e-06 2.000726e-11
1.429405e-06 2.026435e-11
1.442644e-06 2.052624e-11
1.456006e-06 2.079693e-11
1.469492e-06 2.107823e-11
1.483103e-06 2.136158e-11
1.496839e-06 2.164759e-11
1.510703e-06 2.194242e-11
1.524696e-06 2.224658e-11
1.538818e-06 2.255601e-11
1.553071e-06 2.287023e-11
1.567455e-06 2.319758e-11
1.581973e-06 2.353830e-11
1.596626e-06 2.387707e-11
1.611414e-06 2.422252e-11
1.626340e-06 2.458190e-11
1.641403e-06 2.494843e-11
1.656606e-06 2.531900e-11
1.671950e-06 2.570960e-11
1.687436e-06 2.611360e-11
1.703065e-06 2.651167e-11
1.718839e-06 2.692524e-11
1.734759e-06 2.735331e-11
1.750827e-06 2.778233e-11
1.767044e-06 2.823554e-11
1.783410e-06 2.870852e-11
1.799929e-06 2.916945e-11
1.816600e-06 2.965479e-11
1.833425e-06 3.015044e-11
1.850407e-06 3.065027e-11
1.867546e-06 3.119972e-11
1.884843e-06 3.172888e-11
1.902301e-06 3.227781e-11
1.919921e-06 3.284711e-11
1.937703e-06 3.341485e-11
1.955651e-06 3.405022e-11
1.973764e-06 3.464850e-11
1.992046e-06 3.528638e-11
2.010496e-06 3.592499e-11
2.029118e-06 3.660612e-11
2.047912e-06 3.731300e-11
2.066880e-06 3.800584e-11
2.086024e-06 3.873864e-11
2.105345e-06 3.947527e-11
2.124845e-06 4.029336e-11
2.144526e-06 4.106300e-11
2.164389e-06 4.188696e-11
2.184436e-06 4.272828e-11
2.204669e-06 4.362970e-11
2.225089e-06 4.451975e-11
2.245698e-06 4.540707e-11
2.266498e-06 4.644755e-11
2.287491e-06 4.737781e-11
2.308678e-06 4.842450e-11
2.330061e-06 4.944550e-11
2.351643e-06 5.056571e-11
2.373424e-06 5.170901e-11
2.395407e-06 5.277094e-11
2.417594e-06 5.408567e-11
2.439986e-06 5.532153e-11
2.462586e-06 5.648026e-11
2.485395e-06 5.794838e-11
2.508415e-06 5.933582e-11
2.531648e-06 6.063589e-11
2.555097e-06 6.218200e-11
2.578763e-06 6.376823e-11
2.602648e-06 6.541083e-11
2.626754e-06 6.693567e-11
2.651084e-06 6.852298e-11
2.675638e-06 7.056280e-11
2.700421e-06 7.242448e-11
2.725433e-06 7.433805e-11
2.750676e-06 7.621193e-11
2.776153e-06 7.804952e-11
2.801867e-06 8.042728e-11
2.827818e-06 8.263039e-11
2.854010e-06 8.529002e-11
2.880444e-06 8.771926e-11
2.907123e-06 9.050888e-11
2.934050e-06 9.309857e-11
2.961225e-06 9.606574e-11
2.988653e-06 9.890524e-11
3.016334e-06 1.021589e-10
3.044272e-06 1.052800e-10
3.072469e-06 1.088587e-10
3.100927e-06 1.121305e-10
3.129648e-06 1.158691e-10
3.158635e-06 1.190311e-10
3.187891e-06 1.231446e-10
3.217418e-06 1.269487e-10
3.247218e-06 1.326559e-10
3.277295e-06 1.384314e-10
3.307650e-06 1.429187e-10
3.338286e-06 1.472141e-10
3.369206e-06 1.524657e-10
3.400412e-06 1.610471e-10
3.431907e-06 1.664539e-10
3.463694e-06 1.707027e-10
3.495776e-06 1.820964e-10
3.528154e-06 1.874389e-10
3.560833e-06 1.950810e-10
3.593814e-06 2.065439e-10
3.627100e-06 2.121786e-10
3.660695e-06 2.279808e-10
3.694601e-06 2.308480e-10
3.728821e-06 2.493472e-10
3.763358e-06 2.580737e-10
3.798215e-06 2.703753e-10
3.833395e-06 2.935578e-10
3.868901e-06 2.942716e-10
3.904735e-06 3.152500e-10
3.940902e-06 3.473812e-10
3.977403e-06 3.569054e-10
4.014242e-06 3.650454e-10
4.051423e-06 3.896496e-10
4.088948e-06 4.275366e-10
4.126821e-06 4.687852e-10
4.165044e-06 5.067801e-10
4.203622e-06 5.431423e-10
4.242556e-06 5.826624e-10
4.281852e-06 6.268649e-10
4.321511e-06 6.678323e-10
4.361538e-06 6.875235e-10
4.401935e-06 6.882686e-10
4.442707e-06 7.121129e-10
4.483856e-06 8.223886e-10
4.525386e-06 1.007623e-09
4.567301e-06 9.104905e-10
4.609604e-06 9.805082e-10
4.652300e-06 1.282186e-09
4.695390e-06 1.082939e-09
4.738880e-06 1.580907e-09
4.782772e-06 1.256983e-09
4.827071e-06 1.757454e-09
4.871780e-06 1.658132e-09
4.916904e-06 1.601723e-09
4.962445e-06 2.186218e-09
5.008408e-06 2.750648e-09
5.054797e-06 2.396093e-09
5.101615e-06 2.353142e-09
5.148867e-06 2.488805e-09
5.196557e-06 2.726601e-09
5.244689e-06 3.085655e-09
5.293266e-06 3.802018e-09
5.342293e-06 5.681831e-09
5.391775e-06 5.074753e-09
5.441714e-06 4.327008e-09
5.492116e-06 6.299264e-09
5.542986e-06 6.184625e-09
5.594326e-06 6.658421e-09
5.646141e-06 7.227885e-09
5.698437e-06 1.190159e-08
5.751217e-06 7.841238e-09
5.804486e-06 9.055663e-09
5.858248e-06 1.282510e-08
5.912508e-06 1.720094e-08
5.967271e-06 1.798417e-08
6.022541e-06 1.765659e-08
6.078323e-06 1.579351e-08
6.134622e-06 1.420489e-08
6.191442e-06 1.525034e-08
6.248788e-06 2.167197e-08
6.306666e-06 1.754861e-08
6.365079e-06 2.339720e-08
6.424034e-06 2.027931e-08
6.483534e-06 2.669195e-08
6.543586e-06 2.933137e-08
6.604194e-06 2.857641e-08
6.665363e-06 3.044723e-08
6.727099e-06 3.407239e-08
6.789407e-06 4.012645e-08
6.852292e-06 4.874699e-08
6.915759e-06 4.898455e-08
6.979814e-06 5.329808e-08
7.044462e-06 6.095843e-08
7.109709e-06 6.398701e-08
7.175561e-06 6.519875e-08
7.242022e-06 6.750649e-08
7.309099e-06 6.819987e-08
7.376798e-06 6.803202e-08
7.445123e-06 6.759679e-08
7.514081e-06 6.710978e-08
7.583678e-06 6.654899e-08
7.653919e-06 6.594099e-08
7.724811e-06 6.534347e-08
7.796360e-06 6.474509e-08
7.868572e-06 6.415126e-08
7.941452e-06 6.356251e-08
8.015007e-06 6.297924e-08
8.089243e-06 6.240130e-08
8.164168e-06 6.182864e-08
8.239786e-06 6.126124e-08
8.316104e-06 6.069906e-08
8.393129e-06 6.014203e-08
8.470868e-06 5.959012e-08
8.549327e-06 5.904327e-08
8.628513e-06 5.850143e-08
8.708431e-06 5.796458e-08
8.789091e-06 5.743264e-08
8.870497e-06 5.690559e-08
8.952657e-06 5.638338e-08
9.035578e-06 5.586596e-08
9.119268e-06 5.535329e-08
9.203732e-06 5.484532e-08
9.288979e-06 5.434202e-08
9.375015e-06 5.384333e-08
9.461848e-06 5.334922e-08
9.549486e-06 5.285965e-08
9.637935e-06 5.237457e-08
9.727203e-06 5.189394e-08
9.817298e-06 5.141772e-08
9.908228e-06 5.094587e-08
1.000000e-05 5.047836e-08
