# sqrt(Delta_m21^2) [eV]    g_IAXO [GeV^-1]    (varphi = pi/4, w_res = 10 eV)
1.000000e-09 2.300394e-08
1.009963e-09 2.255235e-08
1.020025e-09 2.210962e-08
1.030187e-09 2.167558e-08
1.040450e-09 2.125007e-08
1.050816e-09 2.083290e-08
1.061285e-09 2.042393e-08
1.071858e-09 2.002299e-08
1.082537e-09 1.962992e-08
1.093322e-09 1.924456e-08
1.104214e-09 1.886677e-08
1.115215e-09 1.849640e-08
1.126326e-09 1.813330e-08
1.137547e-09 1.777732e-08
1.148880e-09 1.742834e-08
1.160326e-09 1.708620e-08
1.171886e-09 1.675079e-08
1.183561e-09 1.642196e-08
1.195353e-09 1.609958e-08
1.207262e-09 1.578353e-08
1.219289e-09 1.547369e-08
1.231437e-09 1.516993e-08
1.243705e-09 1.487213e-08
1.256096e-09 1.458019e-08
1.268610e-09 1.429397e-08
1.281249e-09 1.401337e-08
1.294013e-09 1.373828e-08
1.306905e-09 1.346859e-08
1.319925e-09 1.320420e-08
1.333075e-09 1.294499e-08
1.346356e-09 1.269088e-08
1.359770e-09 1.244175e-08
1.373317e-09 1.219752e-08
1.386999e-09 1.195808e-08
1.400817e-09 1.172334e-08
1.414773e-09 1.149321e-08
1.428868e-09 1.126760e-08
1.443103e-09 1.104641e-08
1.457480e-09 1.082958e-08
1.472001e-09 1.061699e-08
1.486666e-09 1.040858e-08
1.501477e-09 1.020427e-08
1.516436e-09 1.000396e-08
1.531544e-09 9.807587e-09
1.546802e-09 9.615070e-09
1.562212e-09 9.426332e-09
1.577776e-09 9.241300e-09
1.593495e-09 9.059901e-09
1.609371e-09 8.882063e-09
1.625404e-09 8.707717e-09
1.641598e-09 8.536794e-09
1.657953e-09 8.369227e-09
1.674470e-09 8.204951e-09
1.691153e-09 8.043899e-09
1.708001e-09 7.886010e-09
1.725017e-09 7.731221e-09
1.742203e-09 7.579471e-09
1.759560e-09 7.430701e-09
1.777090e-09 7.284852e-09
1.794795e-09 7.141867e-09
1.812676e-09 7.001689e-09
1.830735e-09 6.864264e-09
1.848974e-09 6.729537e-09
1.867395e-09 6.597455e-09
1.885999e-09 6.467968e-09
1.904789e-09 6.341022e-09
1.923765e-09 6.216570e-09
1.942931e-09 6.094561e-09
1.962288e-09 5.974949e-09
1.981838e-09 5.857685e-09
2.001582e-09 5.742724e-09
2.021524e-09 5.630020e-09
2.041663e-09 5.519530e-09
2.062004e-09 5.411209e-09
2.082547e-09 5.305016e-09
2.103295e-09 5.200908e-09
2.124249e-09 5.098844e-09
2.145413e-09 4.998785e-09
2.166787e-09 4.900692e-09
2.188374e-09 4.804524e-09
2.210176e-09 4.710246e-09
2.232195e-09 4.617819e-09
2.254434e-09 4.527207e-09
2.276894e-09 4.438375e-09
2.299578e-09 4.351288e-09
2.322488e-09 4.265911e-09
2.345626e-09 4.182212e-09
2.368995e-09 4.100156e-09
2.392597e-09 4.019712e-09
2.416433e-09 3.940849e-09
2.440508e-09 3.863534e-09
2.464822e-09 3.787739e-09
2.489378e-09 3.713432e-09
2.514179e-09 3.640585e-09
2.539227e-09 3.569169e-09
2.564525e-09 3.499157e-09
2.590074e-09 3.430520e-09
2.615878e-09 3.363231e-09
2.641939e-09 3.297265e-09
2.668260e-09 3.232594e-09
2.694843e-09 3.169195e-09
2.721691e-09 3.107041e-09
2.748807e-09 3.046108e-09
2.776192e-09 2.986374e-09
2.803851e-09 2.927812e-09
2.831785e-09 2.870402e-09
2.859997e-09 2.814121e-09
2.888490e-09 2.758945e-09
2.917267e-09 2.704854e-09
2.946331e-09 2.651826e-09
2.975685e-09 2.599841e-09
3.005330e-09 2.548877e-09
3.035272e-09 2.498916e-09
3.065511e-09 2.449936e-09
3.096052e-09 2.401920e-09
3.126897e-09 2.354848e-09
3.158049e-09 2.308701e-09
3.189512e-09 2.263462e-09
3.221288e-09 2.219113e-09
3.253381e-09 2.175635e-09
3.285793e-09 2.133013e-09
3.318529e-09 2.091230e-09
3.351590e-09 2.050268e-09
3.384981e-09 2.010112e-09
3.418705e-09 1.970746e-09
3.452764e-09 1.932155e-09
3.487163e-09 1.894323e-09
3.521905e-09 1.857235e-09
3.556992e-09 1.820878e-09
3.592430e-09 1.785236e-09
3.628220e-09 1.750295e-09
3.664367e-09 1.716043e-09
3.700874e-09 1.682464e-09
3.737744e-09 1.649547e-09
3.774982e-09 1.617278e-09
3.812591e-09 1.585645e-09
3.850575e-09 1.554634e-09
3.888937e-09 1.524234e-09
3.927682e-09 1.494433e-09
3.966812e-09 1.465220e-09
4.006332e-09 1.436581e-09
4.046246e-09 1.408507e-09
4.086558e-09 1.380987e-09
4.127271e-09 1.354008e-09
4.168389e-09 1.327562e-09
4.209918e-09 1.301637e-09
4.251860e-09 1.276223e-09
4.294220e-09 1.251310e-09
4.337002e-09 1.226888e-09
4.380210e-09 1.202948e-09
4.423849e-09 1.179480e-09
4.467923e-09 1.156476e-09
4.512435e-09 1.133925e-09
4.557391e-09 1.111819e-09
4.602795e-09 1.090149e-09
4.648651e-09 1.068907e-09
4.694964e-09 1.048084e-09
4.741739e-09 1.027672e-09
4.788980e-09 1.007664e-09
4.836691e-09 9.880502e-10
4.884877e-09 9.688240e-10
4.933544e-09 9.499774e-10
4.982695e-09 9.315032e-10
5.032336e-09 9.133939e-10
5.082472e-09 8.956423e-10
5.133107e-09 8.782415e-10
5.184247e-09 8.611846e-10
5.235896e-09 8.444648e-10
5.288060e-09 8.280754e-10
5.340743e-09 8.120100e-10
5.393951e-09 7.962622e-10
5.447689e-09 7.808257e-10
5.501963e-09 7.656944e-10
5.556778e-09 7.508623e-10
5.612138e-09 7.363235e-10
5.668050e-09 7.220722e-10
5.724519e-09 7.081028e-10
5.781551e-09 6.944097e-10
5.839151e-09 6.809875e-10
5.897324e-09 6.678308e-10
5.956078e-09 6.549344e-10
6.015416e-09 6.422931e-10
6.075346e-09 6.299020e-10
6.135873e-09 6.177561e-10
6.197003e-09 6.058506e-10
6.258742e-09 5.941807e-10
6.321096e-09 5.827418e-10
6.384071e-09 5.715293e-10
6.447674e-09 5.605388e-10
6.511910e-09 5.497660e-10
6.576786e-09 5.392065e-10
6.642309e-09 5.288562e-10
6.708484e-09 5.187109e-10
6.775319e-09 5.087666e-10
6.842819e-09 4.990194e-10
6.910992e-09 4.894654e-10
6.979844e-09 4.801009e-10
7.049382e-09 4.709221e-10
7.119613e-09 4.619254e-10
7.190544e-09 4.531073e-10
7.262181e-09 4.444643e-10
7.334532e-09 4.359929e-10
7.407604e-09 4.276898e-10
7.481403e-09 4.195518e-10
7.555938e-09 4.115757e-10
7.631216e-09 4.037582e-10
7.707243e-09 3.960964e-10
7.784028e-09 3.885872e-10
7.861578e-09 3.812276e-10
7.939901e-09 3.740148e-10
8.019004e-09 3.669459e-10
8.098895e-09 3.600181e-10
8.179582e-09 3.532287e-10
8.261072e-09 3.465750e-10
8.343375e-09 3.400544e-10
8.426497e-09 3.336642e-10
8.510448e-09 3.274020e-10
8.595235e-09 3.212651e-10
8.680867e-09 3.152513e-10
8.767352e-09 3.093580e-10
8.854698e-09 3.035828e-10
8.942915e-09 2.979235e-10
9.032011e-09 2.923777e-10
9.121994e-09 2.869432e-10
9.212874e-09 2.816177e-10
9.304659e-09 2.763990e-10
9.397358e-09 2.712850e-10
9.490981e-09 2.662736e-10
9.585537e-09 2.613626e-10
9.681035e-09 2.565500e-10
9.777484e-09 2.518337e-10
9.874894e-09 2.472118e-10
9.973275e-09 2.426823e-10
1.007264e-08 2.382432e-10
1.017299e-08 2.338925e-10
1.027434e-08 2.296286e-10
1.037670e-08 2.254493e-10
1.048008e-08 2.213531e-10
1.058449e-08 2.173380e-10
1.068994e-08 2.134022e-10
1.079644e-08 2.095442e-10
1.090400e-08 2.057620e-10
1.101263e-08 2.020542e-10
1.112235e-08 1.984190e-10
1.123316e-08 1.948548e-10
1.134507e-08 1.913601e-10
1.145810e-08 1.879333e-10
1.157225e-08 1.845729e-10
1.168754e-08 1.812774e-10
1.180398e-08 1.780454e-10
1.192158e-08 1.748756e-10
1.204035e-08 1.717664e-10
1.216031e-08 1.687167e-10
1.228146e-08 1.657251e-10
1.240381e-08 1.627903e-10
1.252739e-08 1.599113e-10
1.265219e-08 1.570867e-10
1.277824e-08 1.543154e-10
1.290555e-08 1.515965e-10
1.303412e-08 1.489287e-10
1.316398e-08 1.463111e-10
1.329513e-08 1.437426e-10
1.342758e-08 1.412225e-10
1.356136e-08 1.387496e-10
1.369647e-08 1.363231e-10
1.383292e-08 1.339422e-10
1.397073e-08 1.316059e-10
1.410992e-08 1.293136e-10
1.425049e-08 1.270643e-10
1.439247e-08 1.248574e-10
1.453585e-08 1.226919e-10
1.468067e-08 1.205673e-10
1.482693e-08 1.184828e-10
1.497465e-08 1.164375e-10
1.512383e-08 1.144309e-10
1.527451e-08 1.124621e-10
1.542668e-08 1.105306e-10
1.558037e-08 1.086354e-10
1.573560e-08 1.067761e-10
1.589237e-08 1.049518e-10
1.605070e-08 1.031618e-10
1.621061e-08 1.014055e-10
1.637211e-08 9.968222e-11
1.653522e-08 9.799116e-11
1.669995e-08 9.633168e-11
1.686633e-08 9.470313e-11
1.703436e-08 9.310483e-11
1.720407e-08 9.153614e-11
1.737547e-08 8.999642e-11
1.754858e-08 8.848505e-11
1.772341e-08 8.700143e-11
1.789998e-08 8.554498e-11
1.807831e-08 8.411514e-11
1.825842e-08 8.271135e-11
1.844033e-08 8.133310e-11
1.862404e-08 7.997987e-11
1.880959e-08 7.865119e-11
1.899698e-08 7.734657e-11
1.918624e-08 7.606556e-11
1.937739e-08 7.480772e-11
1.957044e-08 7.357261e-11
1.976541e-08 7.235981e-11
1.996233e-08 7.116891e-11
2.016121e-08 6.999950e-11
2.036207e-08 6.885119e-11
2.056493e-08 6.772357e-11
2.076981e-08 6.661626e-11
2.097674e-08 6.552888e-11
2.118572e-08 6.446105e-11
2.139679e-08 6.341239e-11
2.160996e-08 6.238253e-11
2.182525e-08 6.137112e-11
2.204269e-08 6.037778e-11
2.226230e-08 5.940218e-11
2.248409e-08 5.844396e-11
2.270809e-08 5.750278e-11
2.293433e-08 5.657832e-11
2.316281e-08 5.567025e-11
2.339358e-08 5.477825e-11
2.362664e-08 5.390202e-11
2.386203e-08 5.304125e-11
2.409976e-08 5.219565e-11
2.433985e-08 5.136493e-11
2.458235e-08 5.054881e-11
2.482725e-08 4.974701e-11
2.507460e-08 4.895928e-11
2.532441e-08 4.818535e-11
2.557671e-08 4.742496e-11
2.583152e-08 4.667786e-11
2.608887e-08 4.594381e-11
2.634879e-08 4.522257e-11
2.661129e-08 4.451390e-11
2.687641e-08 4.381757e-11
2.714418e-08 4.313336e-11
2.741461e-08 4.246105e-11
2.768773e-08 4.180041e-11
2.796357e-08 4.115125e-11
2.824217e-08 4.051334e-11
2.852353e-08 3.988649e-11
2.880771e-08 3.927049e-11
2.909471e-08 3.866515e-11
2.938457e-08 3.807027e-11
2.967732e-08 3.748567e-11
2.997299e-08 3.691117e-11
3.027160e-08 3.634657e-11
3.057319e-08 3.579170e-11
3.087778e-08 3.524639e-11
3.118540e-08 3.471047e-11
3.149609e-08 3.418376e-11
3.180988e-08 3.366611e-11
3.212679e-08 3.315735e-11
3.244686e-08 3.265733e-11
3.277012e-08 3.216589e-11
3.309660e-08 3.168289e-11
3.342633e-08 3.120816e-11
3.375935e-08 3.074158e-11
3.409568e-08 3.028299e-11
3.443537e-08 2.983226e-11
3.477844e-08 2.938925e-11
3.512492e-08 2.895382e-11
3.547486e-08 2.852585e-11
3.582829e-08 2.810520e-11
3.618523e-08 2.769175e-11
3.654574e-08 2.728537e-11
3.690983e-08 2.688593e-11
3.727755e-08 2.649332e-11
3.764894e-08 2.610742e-11
3.802402e-08 2.572812e-11
3.840285e-08 2.535529e-11
3.878544e-08 2.498884e-11
3.917185e-08 2.462864e-11
3.956211e-08 2.427460e-11
3.995625e-08 2.392661e-11
4.035432e-08 2.358456e-11
4.075636e-08 2.324836e-11
4.116241e-08 2.291791e-11
4.157249e-08 2.259310e-11
4.198667e-08 2.227385e-11
4.240497e-08 2.196005e-11
4.282744e-08 2.165163e-11
4.325411e-08 2.134848e-11
4.368504e-08 2.105052e-11
4.412026e-08 2.075766e-11
4.455982e-08 2.046981e-11
4.500376e-08 2.018690e-11
4.545212e-08 1.990884e-11
4.590494e-08 1.963555e-11
4.636228e-08 1.936694e-11
4.682417e-08 1.910296e-11
4.729067e-08 1.884350e-11
4.776181e-08 1.858852e-11
4.823765e-08 1.833792e-11
4.871822e-08 1.809163e-11
4.920359e-08 1.784960e-11
4.969379e-08 1.761174e-11
5.018887e-08 1.737799e-11
5.068889e-08 1.714828e-11
5.119389e-08 1.692255e-11
5.170392e-08 1.670073e-11
5.221903e-08 1.648276e-11
5.273927e-08 1.626858e-11
5.326470e-08 1.605813e-11
5.379536e-08 1.585135e-11
5.433131e-08 1.564817e-11
5.487259e-08 1.544855e-11
5.541927e-08 1.525243e-11
5.597140e-08 1.505975e-11
5.652902e-08 1.487045e-11
5.709220e-08 1.468449e-11
5.766100e-08 1.450182e-11
5.823546e-08 1.432237e-11
5.881564e-08 1.414611e-11
5.940160e-08 1.397298e-11
5.999340e-08 1.380294e-11
6.059110e-08 1.363594e-11
6.119475e-08 1.347193e-11
6.180441e-08 1.331087e-11
6.242015e-08 1.315271e-11
6.304203e-08 1.299741e-11
6.367010e-08 1.284493e-11
6.430442e-08 1.269523e-11
6.494507e-08 1.254826e-11
6.559210e-08 1.240399e-11
6.624557e-08 1.226238e-11
6.690556e-08 1.212338e-11
6.757212e-08 1.198697e-11
6.824532e-08 1.185310e-11
6.892522e-08 1.172174e-11
6.961191e-08 1.159286e-11
7.030543e-08 1.146641e-11
7.100586e-08 1.134238e-11
7.171327e-08 1.122071e-11
7.242773e-08 1.110139e-11
7.314930e-08 1.098438e-11
7.387807e-08 1.086965e-11
7.461409e-08 1.075717e-11
7.535745e-08 1.064691e-11
7.610822e-08 1.053885e-11
7.686646e-08 1.043295e-11
7.763226e-08 1.032919e-11
7.840568e-08 1.022754e-11
7.918682e-08 1.012797e-11
7.997573e-08 1.003047e-11
8.077250e-08 9.935002e-12
8.157722e-08 9.841548e-12
8.238995e-08 9.750082e-12
8.321077e-08 9.660584e-12
8.403978e-08 9.573030e-12
8.487704e-08 9.487399e-12
8.572265e-08 9.403670e-12
8.657667e-08 9.321823e-12
8.743921e-08 9.241838e-12
8.831034e-08 9.163696e-12
8.919015e-08 9.087378e-12
9.007873e-08 9.012866e-12
9.097615e-08 8.940141e-12
9.188252e-08 8.869188e-12
9.279792e-08 8.799988e-12
9.372244e-08 8.732525e-12
9.465617e-08 8.666783e-12
9.559920e-08 8.602747e-12
9.655163e-08 8.540401e-12
9.751354e-08 8.479729e-12
9.848504e-08 8.420718e-12
9.946622e-08 8.363351e-12
1.004572e-07 8.307616e-12
1.014580e-07 8.253496e-12
1.024688e-07 8.200979e-12
1.034897e-07 8.150049e-12
1.045207e-07 8.100692e-12
1.055620e-07 8.052893e-12
1.066137e-07 8.006639e-12
1.076758e-07 7.961913e-12
1.087486e-07 7.918700e-12
1.098320e-07 7.876984e-12
1.109262e-07 7.836749e-12
1.120314e-07 7.797977e-12
1.131475e-07 7.760650e-12
1.142748e-07 7.724749e-12
1.154132e-07 7.690253e-12
1.165631e-07 7.657140e-12
1.177243e-07 7.625388e-12
1.188972e-07 7.594971e-12
1.200817e-07 7.565863e-12
1.212781e-07 7.538035e-12
1.224863e-07 7.511456e-12
1.237066e-07 7.486093e-12
1.249391e-07 7.461908e-12
1.261838e-07 7.438865e-12
1.274409e-07 7.416919e-12
1.287106e-07 7.396026e-12
1.299929e-07 7.376138e-12
1.312880e-07 7.357201e-12
1.325960e-07 7.339161e-12
1.339170e-07 7.321957e-12
1.352512e-07 7.305525e-12
1.365986e-07 7.289800e-12
1.379595e-07 7.274710e-12
1.393340e-07 7.260180e-12
1.407221e-07 7.246135e-12
1.421241e-07 7.232494e-12
1.435400e-07 7.219174e-12
1.449701e-07 7.206093e-12
1.464144e-07 7.193167e-12
1.478730e-07 7.180310e-12
1.493463e-07 7.167440e-12
1.508341e-07 7.154476e-12
1.523369e-07 7.141342e-12
1.538546e-07 7.127963e-12
1.553874e-07 7.114274e-12
1.569354e-07 7.100215e-12
1.584989e-07 7.085736e-12
1.600780e-07 7.070796e-12
1.616728e-07 7.055366e-12
1.632835e-07 7.039427e-12
1.649103e-07 7.022975e-12
1.665532e-07 7.006017e-12
1.682125e-07 6.988574e-12
1.698884e-07 6.970681e-12
1.715809e-07 6.952385e-12
1.732903e-07 6.933745e-12
1.750168e-07 6.914832e-12
1.767604e-07 6.895728e-12
1.785214e-07 6.876522e-12
1.803000e-07 6.857312e-12
1.820963e-07 6.838199e-12
1.839104e-07 6.819291e-12
1.857427e-07 6.800697e-12
1.875932e-07 6.782528e-12
1.894621e-07 6.764892e-12
1.913497e-07 6.747896e-12
1.932560e-07 6.731643e-12
1.951814e-07 6.716232e-12
1.971259e-07 6.701753e-12
1.990898e-07 6.688293e-12
2.010733e-07 6.675928e-12
2.030765e-07 6.664728e-12
2.050997e-07 6.654752e-12
2.071431e-07 6.646052e-12
2.092068e-07 6.638668e-12
2.112910e-07 6.632632e-12
2.133961e-07 6.627965e-12
2.155221e-07 6.624678e-12
2.176693e-07 6.622772e-12
2.198378e-07 6.622239e-12
2.220280e-07 6.623059e-12
2.242400e-07 6.625204e-12
2.264740e-07 6.628633e-12
2.287303e-07 6.633300e-12
2.310091e-07 6.639146e-12
2.333106e-07 6.646103e-12
2.356350e-07 6.654095e-12
2.379825e-07 6.663039e-12
2.403535e-07 6.672841e-12
2.427481e-07 6.683403e-12
2.451665e-07 6.694618e-12
2.476090e-07 6.706374e-12
2.500759e-07 6.718556e-12
2.525673e-07 6.731045e-12
2.550835e-07 6.743719e-12
2.576249e-07 6.756457e-12
2.601915e-07 6.769138e-12
2.627837e-07 6.781645e-12
2.654018e-07 6.793862e-12
2.680459e-07 6.805684e-12
2.707163e-07 6.817010e-12
2.734134e-07 6.827749e-12
2.761373e-07 6.837820e-12
2.788884e-07 6.847156e-12
2.816669e-07 6.855700e-12
2.844731e-07 6.863411e-12
2.873072e-07 6.870258e-12
2.901695e-07 6.876229e-12
2.930604e-07 6.881320e-12
2.959801e-07 6.885545e-12
2.989288e-07 6.888928e-12
3.019070e-07 6.891504e-12
3.049148e-07 6.893317e-12
3.079526e-07 6.894423e-12
3.110206e-07 6.894881e-12
3.141192e-07 6.894758e-12
3.172487e-07 6.894123e-12
3.204093e-07 6.893048e-12
3.236015e-07 6.891607e-12
3.268254e-07 6.889871e-12
3.300815e-07 6.887910e-12
3.333700e-07 6.885792e-12
3.366913e-07 6.883580e-12
3.400456e-07 6.881335e-12
3.434334e-07 6.879110e-12
3.468549e-07 6.876954e-12
3.503105e-07 6.874912e-12
3.538006e-07 6.873019e-12
3.573254e-07 6.871310e-12
3.608853e-07 6.869812e-12
3.644807e-07 6.868545e-12
3.681119e-07 6.867527e-12
3.717793e-07 6.866771e-12
3.754832e-07 6.866286e-12
3.792240e-07 6.866074e-12
3.830021e-07 6.866140e-12
3.868179e-07 6.866480e-12
3.906716e-07 6.867091e-12
3.945638e-07 6.867967e-12
3.984947e-07 6.869101e-12
4.024648e-07 6.870482e-12
4.064744e-07 6.872101e-12
4.105240e-07 6.873946e-12
4.146139e-07 6.876004e-12
4.187446e-07 6.878264e-12
4.229164e-07 6.880713e-12
4.271298e-07 6.883340e-12
4.313852e-07 6.886131e-12
4.356829e-07 6.889075e-12
4.400235e-07 6.892161e-12
4.444073e-07 6.895377e-12
4.488348e-07 6.898712e-12
4.533065e-07 6.902157e-12
4.578226e-07 6.905702e-12
4.623838e-07 6.909338e-12
4.669903e-07 6.913058e-12
4.716428e-07 6.916854e-12
4.763417e-07 6.920720e-12
4.810873e-07 6.924651e-12
4.858803e-07 6.928643e-12
4.907209e-07 6.932692e-12
4.956098e-07 6.936796e-12
5.005474e-07 6.940954e-12
5.055343e-07 6.945164e-12
5.105707e-07 6.949428e-12
5.156574e-07 6.953745e-12
5.207947e-07 6.958118e-12
5.259833e-07 6.962549e-12
5.312235e-07 6.967040e-12
5.365159e-07 6.971595e-12
5.418611e-07 6.976218e-12
5.472595e-07 6.980912e-12
5.527116e-07 6.985681e-12
5.582181e-07 6.990530e-12
5.637795e-07 6.995462e-12
5.693963e-07 7.000483e-12
5.750690e-07 7.005596e-12
5.807982e-07 7.010804e-12
5.865845e-07 7.016113e-12
5.924285e-07 7.021526e-12
5.983307e-07 7.027047e-12
6.042917e-07 7.032678e-12
6.103121e-07 7.038424e-12
6.163924e-07 7.044287e-12
6.225334e-07 7.050270e-12
6.287355e-07 7.056378e-12
6.349994e-07 7.062611e-12
6.413257e-07 7.068974e-12
6.477150e-07 7.075470e-12
6.541680e-07 7.082100e-12
6.606853e-07 7.088867e-12
6.672675e-07 7.095775e-12
6.739153e-07 7.102826e-12
6.806293e-07 7.110022e-12
6.874102e-07 7.117364e-12
6.942587e-07 7.124855e-12
7.011754e-07 7.132494e-12
7.081610e-07 7.140279e-12
7.152162e-07 7.148207e-12
7.223417e-07 7.156277e-12
7.295381e-07 7.164494e-12
7.368063e-07 7.172862e-12
7.441469e-07 7.181388e-12
7.515606e-07 7.190075e-12
7.590482e-07 7.198930e-12
7.666103e-07 7.207957e-12
7.742478e-07 7.217160e-12
7.819614e-07 7.226542e-12
7.897519e-07 7.236107e-12
7.976200e-07 7.245856e-12
8.055664e-07 7.255790e-12
8.135920e-07 7.265911e-12
8.216976e-07 7.276220e-12
8.298839e-07 7.286719e-12
8.381518e-07 7.297411e-12
8.465021e-07 7.308297e-12
8.549355e-07 7.319385e-12
8.634530e-07 7.330678e-12
8.720553e-07 7.342184e-12
8.807433e-07 7.353911e-12
8.895179e-07 7.365865e-12
8.983799e-07 7.378052e-12
9.073302e-07 7.390473e-12
9.163697e-07 7.403118e-12
9.254992e-07 7.415977e-12
9.347197e-07 7.429055e-12
9.440320e-07 7.442361e-12
9.534371e-07 7.455909e-12
9.629359e-07 7.469711e-12
9.725294e-07 7.483774e-12
9.822184e-07 7.498102e-12
9.920039e-07 7.512697e-12
1.001887e-06 7.527559e-12
1.011868e-06 7.542684e-12
1.021949e-06 7.558077e-12
1.032131e-06 7.573741e-12
1.042414e-06 7.589690e-12
1.052799e-06 7.605936e-12
1.063288e-06 7.622494e-12
1.073881e-06 7.639370e-12
1.084580e-06 7.656547e-12
1.095385e-06 7.674002e-12
1.106298e-06 7.691747e-12
1.117320e-06 7.709806e-12
1.128451e-06 7.728200e-12
1.139694e-06 7.746936e-12
1.151048e-06 7.766017e-12
1.162516e-06 7.785437e-12
1.174097e-06 7.805192e-12
1.185794e-06 7.825292e-12
1.197608e-06 7.845754e-12
1.209540e-06 7.866610e-12
1.221590e-06 7.887865e-12
1.233760e-06 7.909479e-12
1.246052e-06 7.931434e-12
1.258466e-06 7.953770e-12
1.271004e-06 7.976517e-12
1.283666e-06 7.999688e-12
1.296455e-06 8.023270e-12
1.309371e-06 8.047257e-12
1.322416e-06 8.071661e-12
1.335591e-06 8.096517e-12
1.348897e-06 8.121860e-12
1.362336e-06 8.147636e-12
1.375908e-06 8.173816e-12
1.389616e-06 8.200457e-12
1.403460e-06 8.227594e-12
1.417443e-06 8.255224e-12
1.431564e-06 8.283323e-12
1.445826e-06 8.311912e-12
1.460231e-06 8.341052e-12
1.474779e-06 8.370743e-12
1.489471e-06 8.400891e-12
1.504310e-06 8.431557e-12
1.519297e-06 8.462797e-12
1.534434e-06 8.494599e-12
1.549721e-06 8.526936e-12
1.565160e-06 8.559872e-12
1.580753e-06 8.593459e-12
1.596502e-06 8.627572e-12
1.612408e-06 8.662268e-12
1.628471e-06 8.697619e-12
1.644695e-06 8.733589e-12
1.661081e-06 8.770182e-12
1.677630e-06 8.807509e-12
1.694344e-06 8.845469e-12
1.711224e-06 8.884050e-12
1.728272e-06 8.923363e-12
1.745491e-06 8.963365e-12
1.762880e-06 9.004081e-12
1.780443e-06 9.045621e-12
1.798181e-06 9.087802e-12
1.816096e-06 9.130760e-12
1.834189e-06 9.174501e-12
1.852463e-06 9.219009e-12
1.870918e-06 9.264430e-12
1.889558e-06 9.310555e-12
1.908383e-06 9.357547e-12
1.927396e-06 9.405380e-12
1.946598e-06 9.454108e-12
1.965991e-06 9.503768e-12
1.985578e-06 9.554240e-12
2.005359e-06 9.605675e-12
2.025338e-06 9.658024e-12
2.045516e-06 9.711442e-12
2.065895e-06 9.765709e-12
2.086477e-06 9.821026e-12
2.107264e-06 9.877342e-12
2.128258e-06 9.934784e-12
2.149461e-06 9.993183e-12
2.170875e-06 1.005268e-11
2.192503e-06 1.011337e-11
2.214346e-06 1.017510e-11
2.236407e-06 1.023801e-11
2.258688e-06 1.030207e-11
2.281191e-06 1.036742e-11
2.303917e-06 1.043391e-11
2.326871e-06 1.050164e-11
2.350052e-06 1.057077e-11
2.373465e-06 1.064109e-11
2.397111e-06 1.071274e-11
2.420993e-06 1.078588e-11
2.445113e-06 1.086031e-11
2.469473e-06 1.093615e-11
2.494075e-06 1.101352e-11
2.518923e-06 1.109232e-11
2.544018e-06 1.117273e-11
2.569364e-06 1.125457e-11
2.594961e-06 1.133800e-11
2.620814e-06 1.142319e-11
2.646925e-06 1.150993e-11
2.673295e-06 1.159848e-11
2.699928e-06 1.168863e-11
2.726827e-06 1.178062e-11
2.753994e-06 1.187441e-11
2.781431e-06 1.197003e-11
2.809141e-06 1.206765e-11
2.837128e-06 1.216711e-11
2.865393e-06 1.226869e-11
2.893941e-06 1.237217e-11
2.922772e-06 1.247788e-11
2.951891e-06 1.258559e-11
2.981300e-06 1.269562e-11
3.011001e-06 1.280778e-11
3.040999e-06 1.292235e-11
3.071296e-06 1.303925e-11
3.101894e-06 1.315849e-11
3.132797e-06 1.328029e-11
3.164008e-06 1.340441e-11
3.195530e-06 1.353133e-11
3.227367e-06 1.366087e-11
3.259520e-06 1.379308e-11
3.291993e-06 1.392813e-11
3.324791e-06 1.406593e-11
3.357915e-06 1.420681e-11
3.391368e-06 1.435066e-11
3.425156e-06 1.449755e-11
3.459279e-06 1.464761e-11
3.493743e-06 1.480094e-11
3.528550e-06 1.495773e-11
3.563704e-06 1.511759e-11
3.599208e-06 1.528124e-11
3.635066e-06 1.544845e-11
3.671281e-06 1.561939e-11
3.707857e-06 1.579416e-11
3.744797e-06 1.597248e-11
3.782106e-06 1.615507e-11
3.819786e-06 1.634186e-11
3.857841e-06 1.653279e-11
3.896276e-06 1.672802e-11
3.935093e-06 1.692775e-11
3.974297e-06 1.713210e-11
4.013892e-06 1.734117e-11
4.053881e-06 1.755506e-11
4.094269e-06 1.777391e-11
4.135059e-06 1.799785e-11
4.176255e-06 1.822702e-11
4.217862e-06 1.846161e-11
4.259883e-06 1.870178e-11
4.302323e-06 1.894777e-11
4.345186e-06 1.919967e-11
4.388476e-06 1.945742e-11
4.432197e-06 1.972157e-11
4.476353e-06 1.999275e-11
4.520950e-06 2.026974e-11
4.565991e-06 2.055390e-11
4.611480e-06 2.084468e-11
4.657423e-06 2.114381e-11
4.703824e-06 2.144929e-11
4.750687e-06 2.176270e-11
4.798016e-06 2.208494e-11
4.845817e-06 2.241433e-11
4.894095e-06 2.275229e-11
4.942853e-06 2.309938e-11
4.992097e-06 2.345488e-11
5.041832e-06 2.382052e-11
5.092062e-06 2.419503e-11
5.142793e-06 2.458015e-11
5.194029e-06 2.497569e-11
5.245776e-06 2.538022e-11
5.298038e-06 2.579682e-11
5.350821e-06 2.622534e-11
5.404129e-06 2.666307e-11
5.457969e-06 2.711536e-11
5.512345e-06 2.757889e-11
5.567263e-06 2.805600e-11
5.622728e-06 2.854664e-11
5.678746e-06 2.905022e-11
5.735321e-06 2.956771e-11
5.792460e-06 3.010044e-11
5.850169e-06 3.064909e-11
5.908453e-06 3.121373e-11
5.967317e-06 3.179364e-11
6.026767e-06 3.239000e-11
6.086810e-06 3.300569e-11
6.147451e-06 3.363706e-11
6.208696e-06 3.429295e-11
6.270552e-06 3.496302e-11
6.333023e-06 3.565373e-11
6.396117e-06 3.637030e-11
6.459840e-06 3.710465e-11
6.524198e-06 3.786511e-11
6.589196e-06 3.864441e-11
6.654842e-06 3.945483e-11
6.721143e-06 4.029121e-11
6.788103e-06 4.114538e-11
6.855731e-06 4.203721e-11
6.924033e-06 4.295561e-11
6.993015e-06 4.390228e-11
7.062684e-06 4.488167e-11
7.133048e-06 4.589480e-11
7.204112e-06 4.694395e-11
7.275884e-06 4.802849e-11
7.348372e-06 4.914220e-11
7.421582e-06 5.031618e-11
7.495521e-06 5.151219e-11
7.570196e-06 5.275010e-11
7.645616e-06 5.404773e-11
7.721787e-06 5.537925e-11
7.798717e-06 5.677874e-11
7.876413e-06 5.822688e-11
7.954883e-06 5.970863e-11
8.034135e-06 6.126302e-11
8.114177e-06 6.288880e-11
8.195016e-06 6.457046e-11
8.276661e-06 6.631006e-11
8.359119e-06 6.811786e-11
8.442398e-06 7.004817e-11
8.526507e-06 7.200368e-11
8.611454e-06 7.404328e-11
8.697247e-06 7.620925e-11
8.783896e-06 7.844210e-11
8.871407e-06 8.082566e-11
8.959790e-06 8.325109e-11
9.049054e-06 8.584178e-11
9.139207e-06 8.854414e-11
9.230258e-06 9.134578e-11
9.322216e-06 9.428607e-11
9.415091e-06 9.742217e-11
9.508890e-06 1.007070e-10
9.603625e-06 1.041327e-10
9.699303e-06 1.077855e-10
9.795934e-06 1.114695e-10
9.893528e-06 1.156150e-10
9.992094e-06 1.198691e-10
1.009164e-05 1.243804e-10
1.019218e-05 1.290001e-10
1.029372e-05 1.342164e-10
1.039628e-05 1.395024e-10
1.049985e-05 1.452556e-10
1.060446e-05 1.512292e-10
1.071011e-05 1.577868e-10
1.081681e-05 1.646051e-10
1.092457e-05 1.721219e-10
1.103341e-05 1.796092e-10
1.114334e-05 1.884761e-10
1.125435e-05 1.974434e-10
1.136648e-05 2.068785e-10
1.147972e-05 2.178240e-10
1.159409e-05 2.292753e-10
1.170960e-05 2.408962e-10
1.182625e-05 2.550844e-10
1.194408e-05 2.697074e-10
1.206307e-05 2.844152e-10
1.218325e-05 3.026138e-10
1.230463e-05 3.213866e-10
1.242722e-05 3.407853e-10
1.255103e-05 3.648144e-10
1.267607e-05 3.895838e-10
1.280236e-05 4.132882e-10
1.292990e-05 4.434427e-10
1.305872e-05 4.765901e-10
1.318882e-05 5.137705e-10
1.332022e-05 5.531935e-10
1.345292e-05 6.056206e-10
1.358695e-05 6.549445e-10
1.372231e-05 7.143859e-10
1.385902e-05 7.851830e-10
1.399710e-05 8.470208e-10
1.413654e-05 9.464456e-10
1.427738e-05 1.028121e-09
1.441962e-05 1.151032e-09
1.456328e-05 1.277546e-09
1.470837e-05 1.397237e-09
1.485491e-05 1.604423e-09
1.500290e-05 1.718054e-09
1.515237e-05 2.035127e-09
1.530333e-05 2.227419e-09
1.545579e-05 2.464165e-09
1.560977e-05 2.858816e-09
1.576529e-05 2.965396e-09
1.592235e-05 3.579910e-09
1.608098e-05 3.537968e-09
1.624119e-05 4.846080e-09
1.640300e-05 5.318308e-09
1.656642e-05 4.942030e-09
1.673146e-05 5.904620e-09
1.689816e-05 6.281941e-09
1.706651e-05 7.819952e-09
1.723654e-05 7.513691e-09
1.740826e-05 8.332386e-09
1.758169e-05 9.978499e-09
1.775685e-05 1.163687e-08
1.793376e-05 1.611116e-08
1.811243e-05 1.637951e-08
1.829288e-05 1.391414e-08
1.847512e-05 1.419355e-08
1.865918e-05 1.477937e-08
1.884508e-05 1.652891e-08
1.903283e-05 1.685163e-08
1.922245e-05 1.674780e-08
1.941395e-05 1.640053e-08
1.960737e-05 1.672535e-08
1.980271e-05 1.718558e-08
2.000000e-05 1.694836e-08
