# sqrt(Delta_m21^2) [eV]    g_BabyIAXO [GeV^-1]    (varphi = pi/4, w_res = 100 eV)
1.000000e-09 8.561035e-08
1.009963e-09 8.392969e-08
1.020025e-09 8.228203e-08
1.030187e-09 8.066671e-08
1.040450e-09 7.908310e-08
1.050816e-09 7.753058e-08
1.061285e-09 7.600854e-08
1.071858e-09 7.451638e-08
1.082537e-09 7.305351e-08
1.093322e-09 7.161937e-08
1.104214e-09 7.021337e-08
1.115215e-09 6.883498e-08
1.126326e-09 6.748365e-08
1.137547e-09 6.615884e-08
1.148880e-09 6.486005e-08
1.160326e-09 6.358675e-08
1.171886e-09 6.233845e-08
1.183561e-09 6.111466e-08
1.195353e-09 5.991489e-08
1.207262e-09 5.873867e-08
1.219289e-09 5.758555e-08
1.231437e-09 5.645506e-08
1.243705e-09 5.534677e-08
1.256096e-09 5.426023e-08
1.268610e-09 5.319502e-08
1.281249e-09 5.215073e-08
1.294013e-09 5.112694e-08
1.306905e-09 5.012324e-08
1.319925e-09 4.913925e-08
1.333075e-09 4.817458e-08
1.346356e-09 4.722885e-08
1.359770e-09 4.630168e-08
1.373317e-09 4.539271e-08
1.386999e-09 4.450159e-08
1.400817e-09 4.362796e-08
1.414773e-09 4.277149e-08
1.428868e-09 4.193183e-08
1.443103e-09 4.110865e-08
1.457480e-09 4.030163e-08
1.472001e-09 3.951045e-08
1.486666e-09 3.873481e-08
1.501477e-09 3.797440e-08
1.516436e-09 3.722891e-08
1.531544e-09 3.649806e-08
1.546802e-09 3.578155e-08
1.562212e-09 3.507912e-08
1.577776e-09 3.439047e-08
1.593495e-09 3.371534e-08
1.609371e-09 3.305347e-08
1.625404e-09 3.240459e-08
1.641598e-09 3.176845e-08
1.657953e-09 3.114479e-08
1.674470e-09 3.053338e-08
1.691153e-09 2.993398e-08
1.708001e-09 2.934634e-08
1.725017e-09 2.877024e-08
1.742203e-09 2.820544e-08
1.759560e-09 2.765174e-08
1.777090e-09 2.710891e-08
1.794795e-09 2.657673e-08
1.812676e-09 2.605500e-08
1.830735e-09 2.554351e-08
1.848974e-09 2.504207e-08
1.867395e-09 2.455047e-08
1.885999e-09 2.406852e-08
1.904789e-09 2.359603e-08
1.923765e-09 2.313282e-08
1.942931e-09 2.267870e-08
1.962288e-09 2.223350e-08
1.981838e-09 2.179703e-08
2.001582e-09 2.136914e-08
2.021524e-09 2.094965e-08
2.041663e-09 2.053839e-08
2.062004e-09 2.013521e-08
2.082547e-09 1.973994e-08
2.103295e-09 1.935243e-08
2.124249e-09 1.897253e-08
2.145413e-09 1.860009e-08
2.166787e-09 1.823496e-08
2.188374e-09 1.787700e-08
2.210176e-09 1.752606e-08
2.232195e-09 1.718202e-08
2.254434e-09 1.684473e-08
2.276894e-09 1.651406e-08
2.299578e-09 1.618989e-08
2.322488e-09 1.587207e-08
2.345626e-09 1.556050e-08
2.368995e-09 1.525505e-08
2.392597e-09 1.495559e-08
2.416433e-09 1.466201e-08
2.440508e-09 1.437420e-08
2.464822e-09 1.409203e-08
2.489378e-09 1.381541e-08
2.514179e-09 1.354422e-08
2.539227e-09 1.327835e-08
2.564525e-09 1.301770e-08
2.590074e-09 1.276217e-08
2.615878e-09 1.251165e-08
2.641939e-09 1.226606e-08
2.668260e-09 1.202528e-08
2.694843e-09 1.178924e-08
2.721691e-09 1.155783e-08
2.748807e-09 1.133096e-08
2.776192e-09 1.110854e-08
2.803851e-09 1.089050e-08
2.831785e-09 1.067673e-08
2.859997e-09 1.046716e-08
2.888490e-09 1.026171e-08
2.917267e-09 1.006029e-08
2.946331e-09 9.862824e-09
2.975685e-09 9.669236e-09
3.005330e-09 9.479450e-09
3.035272e-09 9.293390e-09
3.065511e-09 9.110983e-09
3.096052e-09 8.932158e-09
3.126897e-09 8.756844e-09
3.158049e-09 8.584973e-09
3.189512e-09 8.416477e-09
3.221288e-09 8.251289e-09
3.253381e-09 8.089345e-09
3.285793e-09 7.930581e-09
3.318529e-09 7.774935e-09
3.351590e-09 7.622345e-09
3.384981e-09 7.472752e-09
3.418705e-09 7.326096e-09
3.452764e-09 7.182320e-09
3.487163e-09 7.041368e-09
3.521905e-09 6.903184e-09
3.556992e-09 6.767713e-09
3.592430e-09 6.634903e-09
3.628220e-09 6.504702e-09
3.664367e-09 6.377057e-09
3.700874e-09 6.251919e-09
3.737744e-09 6.129239e-09
3.774982e-09 6.008969e-09
3.812591e-09 5.891060e-09
3.850575e-09 5.775468e-09
3.888937e-09 5.662146e-09
3.927682e-09 5.551050e-09
3.966812e-09 5.442136e-09
4.006332e-09 5.335361e-09
4.046246e-09 5.230684e-09
4.086558e-09 5.128063e-09
4.127271e-09 5.027459e-09
4.168389e-09 4.928830e-09
4.209918e-09 4.832139e-09
4.251860e-09 4.737348e-09
4.294220e-09 4.644418e-09
4.337002e-09 4.553315e-09
4.380210e-09 4.464002e-09
4.423849e-09 4.376443e-09
4.467923e-09 4.290605e-09
4.512435e-09 4.206454e-09
4.557391e-09 4.123956e-09
4.602795e-09 4.043080e-09
4.648651e-09 3.963793e-09
4.694964e-09 3.886064e-09
4.741739e-09 3.809862e-09
4.788980e-09 3.735159e-09
4.836691e-09 3.661924e-09
4.884877e-09 3.590128e-09
4.933544e-09 3.519744e-09
4.982695e-09 3.450743e-09
5.032336e-09 3.383099e-09
5.082472e-09 3.316784e-09
5.133107e-09 3.251774e-09
5.184247e-09 3.188042e-09
5.235896e-09 3.125563e-09
5.288060e-09 3.064313e-09
5.340743e-09 3.004268e-09
5.393951e-09 2.945403e-09
5.447689e-09 2.887697e-09
5.501963e-09 2.831125e-09
5.556778e-09 2.775667e-09
5.612138e-09 2.721299e-09
5.668050e-09 2.668002e-09
5.724519e-09 2.615753e-09
5.781551e-09 2.564533e-09
5.839151e-09 2.514320e-09
5.897324e-09 2.465096e-09
5.956078e-09 2.416841e-09
6.015416e-09 2.369536e-09
6.075346e-09 2.323163e-09
6.135873e-09 2.277703e-09
6.197003e-09 2.233138e-09
6.258742e-09 2.189451e-09
6.321096e-09 2.146625e-09
6.384071e-09 2.104643e-09
6.447674e-09 2.063487e-09
6.511910e-09 2.023144e-09
6.576786e-09 1.983595e-09
6.642309e-09 1.944826e-09
6.708484e-09 1.906821e-09
6.775319e-09 1.869567e-09
6.842819e-09 1.833047e-09
6.910992e-09 1.797247e-09
6.979844e-09 1.762154e-09
7.049382e-09 1.727754e-09
7.119613e-09 1.694033e-09
7.190544e-09 1.660977e-09
7.262181e-09 1.628575e-09
7.334532e-09 1.596812e-09
7.407604e-09 1.565678e-09
7.481403e-09 1.535159e-09
7.555938e-09 1.505243e-09
7.631216e-09 1.475918e-09
7.707243e-09 1.447174e-09
7.784028e-09 1.418999e-09
7.861578e-09 1.391381e-09
7.939901e-09 1.364310e-09
8.019004e-09 1.337776e-09
8.098895e-09 1.311767e-09
8.179582e-09 1.286273e-09
8.261072e-09 1.261285e-09
8.343375e-09 1.236793e-09
8.426497e-09 1.212787e-09
8.510448e-09 1.189257e-09
8.595235e-09 1.166194e-09
8.680867e-09 1.143590e-09
8.767352e-09 1.121435e-09
8.854698e-09 1.099721e-09
8.942915e-09 1.078439e-09
9.032011e-09 1.057580e-09
9.121994e-09 1.037137e-09
9.212874e-09 1.017101e-09
9.304659e-09 9.974645e-10
9.397358e-09 9.782198e-10
9.490981e-09 9.593593e-10
9.585537e-09 9.408756e-10
9.681035e-09 9.227612e-10
9.777484e-09 9.050091e-10
9.874894e-09 8.876123e-10
9.973275e-09 8.705638e-10
1.007264e-08 8.538571e-10
1.017299e-08 8.374853e-10
1.027434e-08 8.214422e-10
1.037670e-08 8.057212e-10
1.048008e-08 7.903163e-10
1.058449e-08 7.752213e-10
1.068994e-08 7.604302e-10
1.079644e-08 7.459372e-10
1.090400e-08 7.317365e-10
1.101263e-08 7.178225e-10
1.112235e-08 7.041896e-10
1.123316e-08 6.908324e-10
1.134507e-08 6.777456e-10
1.145810e-08 6.649240e-10
1.157225e-08 6.523624e-10
1.168754e-08 6.400559e-10
1.180398e-08 6.279996e-10
1.192158e-08 6.161885e-10
1.204035e-08 6.046180e-10
1.216031e-08 5.932833e-10
1.228146e-08 5.821800e-10
1.240381e-08 5.713036e-10
1.252739e-08 5.606496e-10
1.265219e-08 5.502138e-10
1.277824e-08 5.399918e-10
1.290555e-08 5.299796e-10
1.303412e-08 5.201731e-10
1.316398e-08 5.105682e-10
1.329513e-08 5.011610e-10
1.342758e-08 4.919476e-10
1.356136e-08 4.829241e-10
1.369647e-08 4.740870e-10
1.383292e-08 4.654323e-10
1.397073e-08 4.569567e-10
1.410992e-08 4.486563e-10
1.425049e-08 4.405278e-10
1.439247e-08 4.325677e-10
1.453585e-08 4.247726e-10
1.468067e-08 4.171391e-10
1.482693e-08 4.096639e-10
1.497465e-08 4.023437e-10
1.512383e-08 3.951754e-10
1.527451e-08 3.881557e-10
1.542668e-08 3.812815e-10
1.558037e-08 3.745498e-10
1.573560e-08 3.679573e-10
1.589237e-08 3.615013e-10
1.605070e-08 3.551785e-10
1.621061e-08 3.489861e-10
1.637211e-08 3.429212e-10
1.653522e-08 3.369809e-10
1.669995e-08 3.311622e-10
1.686633e-08 3.254624e-10
1.703436e-08 3.198787e-10
1.720407e-08 3.144082e-10
1.737547e-08 3.090483e-10
1.754858e-08 3.037961e-10
1.772341e-08 2.986490e-10
1.789998e-08 2.936044e-10
1.807831e-08 2.886594e-10
1.825842e-08 2.838117e-10
1.844033e-08 2.790585e-10
1.862404e-08 2.743973e-10
1.880959e-08 2.698255e-10
1.899698e-08 2.653408e-10
1.918624e-08 2.609406e-10
1.937739e-08 2.566225e-10
1.957044e-08 2.523842e-10
1.976541e-08 2.482233e-10
1.996233e-08 2.441376e-10
2.016121e-08 2.401248e-10
2.036207e-08 2.361829e-10
2.056493e-08 2.323096e-10
2.076981e-08 2.285031e-10
2.097674e-08 2.247613e-10
2.118572e-08 2.210823e-10
2.139679e-08 2.174644e-10
2.160996e-08 2.139058e-10
2.182525e-08 2.104050e-10
2.204269e-08 2.069603e-10
2.226230e-08 2.035704e-10
2.248409e-08 2.002338e-10
2.270809e-08 1.969494e-10
2.293433e-08 1.937158e-10
2.316281e-08 1.905322e-10
2.339358e-08 1.873974e-10
2.362664e-08 1.843107e-10
2.386203e-08 1.812711e-10
2.409976e-08 1.782781e-10
2.433985e-08 1.753309e-10
2.458235e-08 1.724290e-10
2.482725e-08 1.695720e-10
2.507460e-08 1.667593e-10
2.532441e-08 1.639906e-10
2.557671e-08 1.612655e-10
2.583152e-08 1.585839e-10
2.608887e-08 1.559454e-10
2.634879e-08 1.533499e-10
2.661129e-08 1.507970e-10
2.687641e-08 1.482866e-10
2.714418e-08 1.458185e-10
2.741461e-08 1.433925e-10
2.768773e-08 1.410084e-10
2.796357e-08 1.386659e-10
2.824217e-08 1.363649e-10
2.852353e-08 1.341049e-10
2.880771e-08 1.318858e-10
2.909471e-08 1.297072e-10
2.938457e-08 1.275687e-10
2.967732e-08 1.254699e-10
2.997299e-08 1.234105e-10
3.027160e-08 1.213900e-10
3.057319e-08 1.194078e-10
3.087778e-08 1.174634e-10
3.118540e-08 1.155564e-10
3.149609e-08 1.136861e-10
3.180988e-08 1.118520e-10
3.212679e-08 1.100533e-10
3.244686e-08 1.082896e-10
3.277012e-08 1.065601e-10
3.309660e-08 1.048641e-10
3.342633e-08 1.032010e-10
3.375935e-08 1.015701e-10
3.409568e-08 9.997059e-11
3.443537e-08 9.840188e-11
3.477844e-08 9.686322e-11
3.512492e-08 9.535387e-11
3.547486e-08 9.387313e-11
3.582829e-08 9.242028e-11
3.618523e-08 9.099461e-11
3.654574e-08 8.959541e-11
3.690983e-08 8.822199e-11
3.727755e-08 8.687366e-11
3.764894e-08 8.554976e-11
3.802402e-08 8.424963e-11
3.840285e-08 8.297264e-11
3.878544e-08 8.171819e-11
3.917185e-08 8.048568e-11
3.956211e-08 7.927456e-11
3.995625e-08 7.808430e-11
4.035432e-08 7.691440e-11
4.075636e-08 7.576439e-11
4.116241e-08 7.463384e-11
4.157249e-08 7.352234e-11
4.198667e-08 7.242952e-11
4.240497e-08 7.135505e-11
4.282744e-08 7.029862e-11
4.325411e-08 6.925996e-11
4.368504e-08 6.823881e-11
4.412026e-08 6.723497e-11
4.455982e-08 6.624822e-11
4.500376e-08 6.527839e-11
4.545212e-08 6.432531e-11
4.590494e-08 6.338884e-11
4.636228e-08 6.246883e-11
4.682417e-08 6.156515e-11
4.729067e-08 6.067766e-11
4.776181e-08 5.980622e-11
4.823765e-08 5.895070e-11
4.871822e-08 5.811093e-11
4.920359e-08 5.728677e-11
4.969379e-08 5.647802e-11
5.018887e-08 5.568450e-11
5.068889e-08 5.490599e-11
5.119389e-08 5.414228e-11
5.170392e-08 5.339312e-11
5.221903e-08 5.265825e-11
5.273927e-08 5.193739e-11
5.326470e-08 5.123028e-11
5.379536e-08 5.053661e-11
5.433131e-08 4.985608e-11
5.487259e-08 4.918841e-11
5.541927e-08 4.853329e-11
5.597140e-08 4.789043e-11
5.652902e-08 4.725955e-11
5.709220e-08 4.664038e-11
5.766100e-08 4.603267e-11
5.823546e-08 4.543619e-11
5.881564e-08 4.485070e-11
5.940160e-08 4.427600e-11
5.999340e-08 4.371192e-11
6.059110e-08 4.315827e-11
6.119475e-08 4.261491e-11
6.180441e-08 4.208168e-11
6.242015e-08 4.155846e-11
6.304203e-08 4.104511e-11
6.367010e-08 4.054152e-11
6.430442e-08 4.004756e-11
6.494507e-08 3.956311e-11
6.559210e-08 3.908805e-11
6.624557e-08 3.862228e-11
6.690556e-08 3.816564e-11
6.757212e-08 3.771803e-11
6.824532e-08 3.727931e-11
6.892522e-08 3.684933e-11
6.961191e-08 3.642797e-11
7.030543e-08 3.601507e-11
7.100586e-08 3.561051e-11
7.171327e-08 3.521414e-11
7.242773e-08 3.482583e-11
7.314930e-08 3.444544e-11
7.387807e-08 3.407283e-11
7.461409e-08 3.370789e-11
7.535745e-08 3.335047e-11
7.610822e-08 3.300047e-11
7.686646e-08 3.265777e-11
7.763226e-08 3.232226e-11
7.840568e-08 3.199384e-11
7.918682e-08 3.167241e-11
7.997573e-08 3.135787e-11
8.077250e-08 3.105013e-11
8.157722e-08 3.074910e-11
8.238995e-08 3.045470e-11
8.321077e-08 3.016684e-11
8.403978e-08 2.988546e-11
8.487704e-08 2.961046e-11
8.572265e-08 2.934178e-11
8.657667e-08 2.907933e-11
8.743921e-08 2.882305e-11
8.831034e-08 2.857287e-11
8.919015e-08 2.832872e-11
9.007873e-08 2.809053e-11
9.097615e-08 2.785824e-11
9.188252e-08 2.763179e-11
9.279792e-08 2.741111e-11
9.372244e-08 2.719615e-11
9.465617e-08 2.698685e-11
9.559920e-08 2.678314e-11
9.655163e-08 2.658498e-11
9.751354e-08 2.639230e-11
9.848504e-08 2.620507e-11
9.946622e-08 2.602321e-11
1.004572e-07 2.584669e-11
1.014580e-07 2.567545e-11
1.024688e-07 2.550944e-11
1.034897e-07 2.534862e-11
1.045207e-07 2.519294e-11
1.055620e-07 2.504235e-11
1.066137e-07 2.489681e-11
1.076758e-07 2.475628e-11
1.087486e-07 2.462070e-11
1.098320e-07 2.449002e-11
1.109262e-07 2.436421e-11
1.120314e-07 2.424320e-11
1.131475e-07 2.412694e-11
1.142748e-07 2.401538e-11
1.154132e-07 2.390843e-11
1.165631e-07 2.380605e-11
1.177243e-07 2.370815e-11
1.188972e-07 2.361465e-11
1.200817e-07 2.352548e-11
1.212781e-07 2.344055e-11
1.224863e-07 2.335977e-11
1.237066e-07 2.328302e-11
1.249391e-07 2.321022e-11
1.261838e-07 2.314123e-11
1.274409e-07 2.307593e-11
1.287106e-07 2.301417e-11
1.299929e-07 2.295581e-11
1.312880e-07 2.290067e-11
1.325960e-07 2.284859e-11
1.339170e-07 2.279935e-11
1.352512e-07 2.275277e-11
1.365986e-07 2.270863e-11
1.379595e-07 2.266669e-11
1.393340e-07 2.262673e-11
1.407221e-07 2.258848e-11
1.421241e-07 2.255169e-11
1.435400e-07 2.251609e-11
1.449701e-07 2.248139e-11
1.464144e-07 2.244731e-11
1.478730e-07 2.241356e-11
1.493463e-07 2.237985e-11
1.508341e-07 2.234591e-11
1.523369e-07 2.231147e-11
1.538546e-07 2.227627e-11
1.553874e-07 2.224009e-11
1.569354e-07 2.220271e-11
1.584989e-07 2.216395e-11
1.600780e-07 2.212368e-11
1.616728e-07 2.208178e-11
1.632835e-07 2.203819e-11
1.649103e-07 2.199286e-11
1.665532e-07 2.194582e-11
1.682125e-07 2.189713e-11
1.698884e-07 2.184690e-11
1.715809e-07 2.179529e-11
1.732903e-07 2.174251e-11
1.750168e-07 2.168879e-11
1.767604e-07 2.163444e-11
1.785214e-07 2.157976e-11
1.803000e-07 2.152509e-11
1.820963e-07 2.147081e-11
1.839104e-07 2.141729e-11
1.857427e-07 2.136493e-11
1.875932e-07 2.131410e-11
1.894621e-07 2.126522e-11
1.913497e-07 2.121867e-11
1.932560e-07 2.117483e-11
1.951814e-07 2.113405e-11
1.971259e-07 2.109671e-11
1.990898e-07 2.106311e-11
2.010733e-07 2.103357e-11
2.030765e-07 2.100836e-11
2.050997e-07 2.098773e-11
2.071431e-07 2.097188e-11
2.092068e-07 2.096102e-11
2.112910e-07 2.095529e-11
2.133961e-07 2.095481e-11
2.155221e-07 2.095970e-11
2.176693e-07 2.097000e-11
2.198378e-07 2.098575e-11
2.220280e-07 2.100694e-11
2.242400e-07 2.103354e-11
2.264740e-07 2.106547e-11
2.287303e-07 2.110263e-11
2.310091e-07 2.114487e-11
2.333106e-07 2.119203e-11
2.356350e-07 2.124389e-11
2.379825e-07 2.130023e-11
2.403535e-07 2.136075e-11
2.427481e-07 2.142517e-11
2.451665e-07 2.149313e-11
2.476090e-07 2.156429e-11
2.500759e-07 2.163822e-11
2.525673e-07 2.171453e-11
2.550835e-07 2.179277e-11
2.576249e-07 2.187249e-11
2.601915e-07 2.195320e-11
2.627837e-07 2.203446e-11
2.654018e-07 2.211577e-11
2.680459e-07 2.219667e-11
2.707163e-07 2.227671e-11
2.734134e-07 2.235546e-11
2.761373e-07 2.243250e-11
2.788884e-07 2.250749e-11
2.816669e-07 2.258008e-11
2.844731e-07 2.265001e-11
2.873072e-07 2.271705e-11
2.901695e-07 2.278104e-11
2.930604e-07 2.284187e-11
2.959801e-07 2.289948e-11
2.989288e-07 2.295390e-11
3.019070e-07 2.300519e-11
3.049148e-07 2.305346e-11
3.079526e-07 2.309892e-11
3.110206e-07 2.314174e-11
3.141192e-07 2.318220e-11
3.172487e-07 2.322055e-11
3.204093e-07 2.325714e-11
3.236015e-07 2.329225e-11
3.268254e-07 2.332623e-11
3.300815e-07 2.335940e-11
3.333700e-07 2.339210e-11
3.366913e-07 2.342462e-11
3.400456e-07 2.345732e-11
3.434334e-07 2.349044e-11
3.468549e-07 2.352428e-11
3.503105e-07 2.355908e-11
3.538006e-07 2.359507e-11
3.573254e-07 2.363246e-11
3.608853e-07 2.367140e-11
3.644807e-07 2.371210e-11
3.681119e-07 2.375464e-11
3.717793e-07 2.379917e-11
3.754832e-07 2.384577e-11
3.792240e-07 2.389453e-11
3.830021e-07 2.394547e-11
3.868179e-07 2.399867e-11
3.906716e-07 2.405414e-11
3.945638e-07 2.411191e-11
3.984947e-07 2.417196e-11
4.024648e-07 2.423432e-11
4.064744e-07 2.429894e-11
4.105240e-07 2.436583e-11
4.146139e-07 2.443493e-11
4.187446e-07 2.450623e-11
4.229164e-07 2.457971e-11
4.271298e-07 2.465530e-11
4.313852e-07 2.473300e-11
4.356829e-07 2.481274e-11
4.400235e-07 2.489448e-11
4.444073e-07 2.497820e-11
4.488348e-07 2.506384e-11
4.533065e-07 2.515136e-11
4.578226e-07 2.524073e-11
4.623838e-07 2.533192e-11
4.669903e-07 2.542486e-11
4.716428e-07 2.551955e-11
4.763417e-07 2.561595e-11
4.810873e-07 2.571405e-11
4.858803e-07 2.581381e-11
4.907209e-07 2.591521e-11
4.956098e-07 2.601827e-11
5.005474e-07 2.612297e-11
5.055343e-07 2.622933e-11
5.105707e-07 2.633735e-11
5.156574e-07 2.644704e-11
5.207947e-07 2.655842e-11
5.259833e-07 2.667154e-11
5.312235e-07 2.678644e-11
5.365159e-07 2.690311e-11
5.418611e-07 2.702163e-11
5.472595e-07 2.714207e-11
5.527116e-07 2.726445e-11
5.582181e-07 2.738883e-11
5.637795e-07 2.751528e-11
5.693963e-07 2.764384e-11
5.750690e-07 2.777459e-11
5.807982e-07 2.790760e-11
5.865845e-07 2.804294e-11
5.924285e-07 2.818064e-11
5.983307e-07 2.832079e-11
6.042917e-07 2.846347e-11
6.103121e-07 2.860871e-11
6.163924e-07 2.875660e-11
6.225334e-07 2.890719e-11
6.287355e-07 2.906056e-11
6.349994e-07 2.921678e-11
6.413257e-07 2.937594e-11
6.477150e-07 2.953809e-11
6.541680e-07 2.970331e-11
6.606853e-07 2.987166e-11
6.672675e-07 3.004323e-11
6.739153e-07 3.021807e-11
6.806293e-07 3.039629e-11
6.874102e-07 3.057794e-11
6.942587e-07 3.076306e-11
7.011754e-07 3.095169e-11
7.081610e-07 3.114379e-11
7.152162e-07 3.133936e-11
7.223417e-07 3.153843e-11
7.295381e-07 3.174107e-11
7.368063e-07 3.194740e-11
7.441469e-07 3.215752e-11
7.515606e-07 3.237160e-11
7.590482e-07 3.258976e-11
7.666103e-07 3.281216e-11
7.742478e-07 3.303889e-11
7.819614e-07 3.327005e-11
7.897519e-07 3.350576e-11
7.976200e-07 3.374609e-11
8.055664e-07 3.399109e-11
8.135920e-07 3.424089e-11
8.216976e-07 3.449546e-11
8.298839e-07 3.475488e-11
8.381518e-07 3.501921e-11
8.465021e-07 3.528863e-11
8.549355e-07 3.556322e-11
8.634530e-07 3.584317e-11
8.720553e-07 3.612877e-11
8.807433e-07 3.642028e-11
8.895179e-07 3.671801e-11
8.983799e-07 3.702212e-11
9.073302e-07 3.733269e-11
9.163697e-07 3.764938e-11
9.254992e-07 3.797169e-11
9.347197e-07 3.829974e-11
9.440320e-07 3.863408e-11
9.534371e-07 3.897510e-11
9.629359e-07 3.932335e-11
9.725294e-07 3.967907e-11
9.822184e-07 4.004266e-11
9.920039e-07 4.041405e-11
1.001887e-06 4.079318e-11
1.011868e-06 4.117992e-11
1.021949e-06 4.157424e-11
1.032131e-06 4.197656e-11
1.042414e-06 4.238725e-11
1.052799e-06 4.280739e-11
1.063288e-06 4.323775e-11
1.073881e-06 4.367876e-11
1.084580e-06 4.412896e-11
1.095385e-06 4.458645e-11
1.106298e-06 4.505224e-11
1.117320e-06 4.552784e-11
1.128451e-06 4.601460e-11
1.139694e-06 4.651327e-11
1.151048e-06 4.702354e-11
1.162516e-06 4.754486e-11
1.174097e-06 4.807646e-11
1.185794e-06 4.861911e-11
1.197608e-06 4.917443e-11
1.209540e-06 4.974570e-11
1.221590e-06 5.033318e-11
1.233760e-06 5.093104e-11
1.246052e-06 5.153761e-11
1.258466e-06 5.215690e-11
1.271004e-06 5.279258e-11
1.283666e-06 5.344553e-11
1.296455e-06 5.411341e-11
1.309371e-06 5.479447e-11
1.322416e-06 5.548969e-11
1.335591e-06 5.620565e-11
1.348897e-06 5.694727e-11
1.362336e-06 5.770197e-11
1.375908e-06 5.846508e-11
1.389616e-06 5.924625e-11
1.403460e-06 6.005224e-11
1.417443e-06 6.087936e-11
1.431564e-06 6.172126e-11
1.445826e-06 6.258166e-11
1.460231e-06 6.347690e-11
1.474779e-06 6.440134e-11
1.489471e-06 6.532867e-11
1.504310e-06 6.627631e-11
1.519297e-06 6.725856e-11
1.534434e-06 6.826525e-11
1.549721e-06 6.928649e-11
1.565160e-06 7.034540e-11
1.580753e-06 7.145639e-11
1.596502e-06 7.256398e-11
1.612408e-06 7.369440e-11
1.628471e-06 7.487263e-11
1.644695e-06 7.607185e-11
1.661081e-06 7.729339e-11
1.677630e-06 7.859715e-11
1.694344e-06 7.990526e-11
1.711224e-06 8.122360e-11
1.728272e-06 8.260842e-11
1.745491e-06 8.400891e-11
1.762880e-06 8.545378e-11
1.780443e-06 8.700278e-11
1.798181e-06 8.850860e-11
1.816096e-06 9.008823e-11
1.834189e-06 9.170746e-11
1.852463e-06 9.335248e-11
1.870918e-06 9.515147e-11
1.889558e-06 9.687564e-11
1.908383e-06 9.870886e-11
1.927396e-06 1.005503e-10
1.946598e-06 1.025138e-10
1.965991e-06 1.045378e-10
1.985578e-06 1.065482e-10
2.005359e-06 1.086643e-10
2.025338e-06 1.108048e-10
2.045516e-06 1.131546e-10
2.065895e-06 1.154000e-10
2.086477e-06 1.177933e-10
2.107264e-06 1.202377e-10
2.128258e-06 1.228563e-10
2.149461e-06 1.254496e-10
2.170875e-06 1.280670e-10
2.192503e-06 1.310622e-10
2.214346e-06 1.338178e-10
2.236407e-06 1.368626e-10
2.258688e-06 1.398944e-10
2.281191e-06 1.431488e-10
2.303917e-06 1.465069e-10
2.326871e-06 1.497141e-10
2.350052e-06 1.534782e-10
2.373465e-06 1.571726e-10
2.397111e-06 1.607125e-10
2.420993e-06 1.648637e-10
2.445113e-06 1.690348e-10
2.469473e-06 1.731814e-10
2.494075e-06 1.774800e-10
2.518923e-06 1.820318e-10
2.544018e-06 1.872642e-10
2.569364e-06 1.919397e-10
2.594961e-06 1.966071e-10
2.620814e-06 2.021788e-10
2.646925e-06 2.076668e-10
2.673295e-06 2.141002e-10
2.699928e-06 2.200207e-10
2.726827e-06 2.264326e-10
2.753994e-06 2.326985e-10
2.781431e-06 2.391171e-10
2.809141e-06 2.463873e-10
2.837128e-06 2.532203e-10
2.865393e-06 2.615341e-10
2.893941e-06 2.690100e-10
2.922772e-06 2.782886e-10
2.951891e-06 2.867153e-10
2.981300e-06 2.970854e-10
3.011001e-06 3.072857e-10
3.040999e-06 3.185834e-10
3.071296e-06 3.304757e-10
3.101894e-06 3.408698e-10
3.132797e-06 3.521732e-10
3.164008e-06 3.624929e-10
3.195530e-06 3.791041e-10
3.227367e-06 3.963918e-10
3.259520e-06 4.083262e-10
3.291993e-06 4.227043e-10
3.324791e-06 4.442279e-10
3.357915e-06 4.612268e-10
3.391368e-06 4.767896e-10
3.425156e-06 5.060067e-10
3.459279e-06 5.169872e-10
3.493743e-06 5.499440e-10
3.528550e-06 5.693441e-10
3.563704e-06 6.024428e-10
3.599208e-06 6.188467e-10
3.635066e-06 6.686849e-10
3.671281e-06 6.827422e-10
3.707857e-06 7.334373e-10
3.744797e-06 7.770520e-10
3.782106e-06 7.895416e-10
3.819786e-06 8.438304e-10
3.857841e-06 9.232506e-10
3.896276e-06 9.774405e-10
3.935093e-06 1.010962e-09
3.974297e-06 1.051824e-09
4.013892e-06 1.108006e-09
4.053881e-06 1.175611e-09
4.094269e-06 1.249652e-09
4.135059e-06 1.330110e-09
4.176255e-06 1.427583e-09
4.217862e-06 1.569929e-09
4.259883e-06 1.786163e-09
4.302323e-06 1.956803e-09
4.345186e-06 1.902761e-09
4.388476e-06 2.001951e-09
4.432197e-06 2.528283e-09
4.476353e-06 2.364230e-09
4.520950e-06 2.710931e-09
4.565991e-06 2.884085e-09
4.611480e-06 3.212174e-09
4.657423e-06 3.177357e-09
4.703824e-06 4.456779e-09
4.750687e-06 3.829516e-09
4.798016e-06 3.960784e-09
4.845817e-06 4.933646e-09
4.894095e-06 6.468837e-09
4.942853e-06 7.475121e-09
4.992097e-06 8.155612e-09
5.041832e-06 9.262108e-09
5.092062e-06 9.844070e-09
5.142793e-06 8.655985e-09
5.194029e-06 8.129097e-09
5.245776e-06 9.979655e-09
5.298038e-06 1.516058e-08
5.350821e-06 1.096566e-08
5.404129e-06 2.118560e-08
5.457969e-06 1.362113e-08
5.512345e-06 1.961854e-08
5.567263e-06 2.641691e-08
5.622728e-06 2.005411e-08
5.678746e-06 2.067740e-08
5.735321e-06 2.287303e-08
5.792460e-06 2.519285e-08
5.850169e-06 2.809945e-08
5.908453e-06 3.567134e-08
5.967317e-06 5.458060e-08
6.026767e-06 3.738605e-08
6.086810e-06 4.717076e-08
6.147451e-06 4.494685e-08
6.208696e-06 6.198822e-08
6.270552e-06 5.135186e-08
6.333023e-06 5.484884e-08
6.396117e-06 6.331860e-08
6.459840e-06 7.047792e-08
6.524198e-06 7.435935e-08
6.589196e-06 7.954170e-08
6.654842e-06 9.965836e-08
6.721143e-06 1.145155e-07
6.788103e-06 1.173800e-07
6.855731e-06 1.398317e-07
6.924033e-06 1.793664e-07
6.993015e-06 1.918681e-07
7.062684e-06 2.175941e-07
7.133048e-06 2.629207e-07
7.204112e-06 3.228637e-07
7.275884e-06 3.383191e-07
7.348372e-06 3.735225e-07
7.421582e-06 3.931412e-07
7.495521e-06 4.045669e-07
7.570196e-06 4.028708e-07
7.645616e-06 4.001348e-07
7.721787e-06 3.967253e-07
7.798717e-06 3.928827e-07
7.876413e-06 3.890157e-07
7.954883e-06 3.852026e-07
8.034135e-06 3.814058e-07
8.114177e-06 3.776435e-07
8.195016e-06 3.739184e-07
8.276661e-06 3.702300e-07
8.359119e-06 3.665780e-07
8.442398e-06 3.629621e-07
8.526507e-06 3.593818e-07
8.611454e-06 3.558368e-07
8.697247e-06 3.523268e-07
8.783896e-06 3.488515e-07
8.871407e-06 3.454104e-07
8.959790e-06 3.420033e-07
9.049054e-06 3.386297e-07
9.139207e-06 3.352895e-07
9.230258e-06 3.319822e-07
9.322216e-06 3.287075e-07
9.415091e-06 3.254651e-07
9.508890e-06 3.222547e-07
9.603625e-06 3.190760e-07
9.699303e-06 3.159287e-07
9.795934e-06 3.128124e-07
9.893528e-06 3.097268e-07
9.992094e-06 3.066717e-07
1.009164e-05 3.036467e-07
1.019218e-05 3.006515e-07
1.029372e-05 2.976859e-07
1.039628e-05 2.947496e-07
1.049985e-05 2.918422e-07
1.060446e-05 2.889635e-07
1.071011e-05 2.861132e-07
1.081681e-05 2.832910e-07
1.092457e-05 2.804967e-07
1.103341e-05 2.777299e-07
1.114334e-05 2.749905e-07
1.125435e-05 2.722780e-07
1.136648e-05 2.695923e-07
1.147972e-05 2.669331e-07
1.159409e-05 2.643001e-07
1.170960e-05 2.616931e-07
1.182625e-05 2.591119e-07
1.194408e-05 2.565561e-07
1.206307e-05 2.540255e-07
1.218325e-05 2.515198e-07
1.230463e-05 2.490389e-07
1.242722e-05 2.465825e-07
1.255103e-05 2.441503e-07
1.267607e-05 2.417421e-07
1.280236e-05 2.393576e-07
1.292990e-05 2.369967e-07
1.305872e-05 2.346590e-07
1.318882e-05 2.323445e-07
1.332022e-05 2.300527e-07
1.345292e-05 2.277836e-07
1.358695e-05 2.255368e-07
1.372231e-05 2.233122e-07
1.385902e-05 2.211096e-07
1.399710e-05 2.189287e-07
1.413654e-05 2.167693e-07
1.427738e-05 2.146312e-07
1.441962e-05 2.125142e-07
1.456328e-05 2.104181e-07
1.470837e-05 2.083427e-07
1.485491e-05 2.062877e-07
1.500290e-05 2.042530e-07
1.515237e-05 2.022384e-07
1.530333e-05 2.002437e-07
1.545579e-05 1.982686e-07
1.560977e-05 1.963130e-07
1.576529e-05 1.943768e-07
1.592235e-05 1.924596e-07
1.608098e-05 1.905613e-07
1.624119e-05 1.886818e-07
1.640300e-05 1.868208e-07
1.656642e-05 1.849782e-07
1.673146e-05 1.831537e-07
1.689816e-05 1.813473e-07
1.706651e-05 1.795586e-07
1.723654e-05 1.777877e-07
1.740826e-05 1.760341e-07
1.758169e-05 1.742979e-07
1.775685e-05 1.725788e-07
1.793376e-05 1.708767e-07
1.811243e-05 1.691914e-07
1.829288e-05 1.675227e-07
1.847512e-05 1.658705e-07
1.865918e-05 1.642345e-07
1.884508e-05 1.626147e-07
1.903283e-05 1.610109e-07
1.922245e-05 1.594229e-07
1.941395e-05 1.578506e-07
1.960737e-05 1.562938e-07
1.980271e-05 1.547523e-07
2.000000e-05 1.532261e-07
