# sqrt(Delta_m21^2) [eV]    g_IAXO [GeV^-1]    (varphi = pi/32, w_res = 100 eV)
1.000000e-09 1.448065e-07
1.009262e-09 1.421609e-07
1.018610e-09 1.395636e-07
1.028045e-09 1.370138e-07
1.037567e-09 1.345105e-07
1.047177e-09 1.320530e-07
1.056876e-09 1.296404e-07
1.066665e-09 1.272718e-07
1.076545e-09 1.249466e-07
1.086516e-09 1.226638e-07
1.096579e-09 1.204227e-07
1.106736e-09 1.182226e-07
1.116987e-09 1.160626e-07
1.127333e-09 1.139422e-07
1.137774e-09 1.118604e-07
1.148312e-09 1.098167e-07
1.158948e-09 1.078104e-07
1.169683e-09 1.058407e-07
1.180517e-09 1.039069e-07
1.191451e-09 1.020086e-07
1.202486e-09 1.001448e-07
1.213624e-09 9.831520e-08
1.224865e-09 9.651897e-08
1.236210e-09 9.475556e-08
1.247660e-09 9.302437e-08
1.259216e-09 9.132481e-08
1.270879e-09 8.965631e-08
1.282650e-09 8.801828e-08
1.294530e-09 8.641019e-08
1.306520e-09 8.483147e-08
1.318621e-09 8.328160e-08
1.330835e-09 8.176004e-08
1.343161e-09 8.026628e-08
1.355602e-09 7.879982e-08
1.368158e-09 7.736014e-08
1.380830e-09 7.594677e-08
1.393619e-09 7.455923e-08
1.406527e-09 7.319703e-08
1.419555e-09 7.185972e-08
1.432703e-09 7.054685e-08
1.445973e-09 6.925796e-08
1.459366e-09 6.799262e-08
1.472883e-09 6.675040e-08
1.486525e-09 6.553087e-08
1.500293e-09 6.433363e-08
1.514189e-09 6.315826e-08
1.528214e-09 6.200436e-08
1.542369e-09 6.087155e-08
1.556654e-09 5.975943e-08
1.571072e-09 5.866763e-08
1.585624e-09 5.759578e-08
1.600310e-09 5.654352e-08
1.615133e-09 5.551047e-08
1.630092e-09 5.449631e-08
1.645191e-09 5.350067e-08
1.660429e-09 5.252322e-08
1.675808e-09 5.156363e-08
1.691330e-09 5.062157e-08
1.706995e-09 4.969673e-08
1.722805e-09 4.878878e-08
1.738762e-09 4.789742e-08
1.754867e-09 4.702235e-08
1.771121e-09 4.616326e-08
1.787526e-09 4.531988e-08
1.804082e-09 4.449190e-08
1.820792e-09 4.367904e-08
1.837656e-09 4.288104e-08
1.854677e-09 4.209762e-08
1.871855e-09 4.132852e-08
1.889193e-09 4.057346e-08
1.906691e-09 3.983220e-08
1.924351e-09 3.910448e-08
1.942175e-09 3.839006e-08
1.960163e-09 3.768870e-08
1.978319e-09 3.700014e-08
1.996642e-09 3.632417e-08
2.015136e-09 3.566055e-08
2.033800e-09 3.500905e-08
2.052638e-09 3.436946e-08
2.071650e-09 3.374155e-08
2.090838e-09 3.312512e-08
2.110203e-09 3.251995e-08
2.129749e-09 3.192583e-08
2.149475e-09 3.134257e-08
2.169384e-09 3.076997e-08
2.189477e-09 3.020783e-08
2.209756e-09 2.965596e-08
2.230223e-09 2.911418e-08
2.250880e-09 2.858229e-08
2.271728e-09 2.806012e-08
2.292769e-09 2.754749e-08
2.314005e-09 2.704423e-08
2.335438e-09 2.655016e-08
2.357069e-09 2.606512e-08
2.378901e-09 2.558895e-08
2.400935e-09 2.512147e-08
2.423173e-09 2.466254e-08
2.445617e-09 2.421199e-08
2.468268e-09 2.376967e-08
2.491130e-09 2.333544e-08
2.514203e-09 2.290914e-08
2.537490e-09 2.249063e-08
2.560993e-09 2.207976e-08
2.584714e-09 2.167641e-08
2.608654e-09 2.128042e-08
2.632815e-09 2.089167e-08
2.657201e-09 2.051002e-08
2.681813e-09 2.013535e-08
2.706652e-09 1.976752e-08
2.731722e-09 1.940641e-08
2.757023e-09 1.905191e-08
2.782559e-09 1.870388e-08
2.808332e-09 1.836221e-08
2.834343e-09 1.802678e-08
2.860596e-09 1.769748e-08
2.887091e-09 1.737420e-08
2.913832e-09 1.705683e-08
2.940820e-09 1.674525e-08
2.968059e-09 1.643937e-08
2.995549e-09 1.613908e-08
3.023295e-09 1.584428e-08
3.051297e-09 1.555486e-08
3.079559e-09 1.527074e-08
3.108082e-09 1.499180e-08
3.136870e-09 1.471797e-08
3.165924e-09 1.444913e-08
3.195248e-09 1.418521e-08
3.224842e-09 1.392612e-08
3.254712e-09 1.367175e-08
3.284857e-09 1.342204e-08
3.315282e-09 1.317689e-08
3.345989e-09 1.293622e-08
3.376980e-09 1.269995e-08
3.408259e-09 1.246800e-08
3.439826e-09 1.224028e-08
3.471687e-09 1.201673e-08
3.503842e-09 1.179726e-08
3.536296e-09 1.158181e-08
3.569049e-09 1.137029e-08
3.602107e-09 1.116264e-08
3.635470e-09 1.095878e-08
3.669142e-09 1.075866e-08
3.703127e-09 1.056218e-08
3.737426e-09 1.036930e-08
3.772042e-09 1.017995e-08
3.806980e-09 9.994056e-09
3.842241e-09 9.811561e-09
3.877828e-09 9.632402e-09
3.913746e-09 9.456518e-09
3.949995e-09 9.283849e-09
3.986581e-09 9.114337e-09
4.023506e-09 8.947924e-09
4.060772e-09 8.784553e-09
4.098384e-09 8.624169e-09
4.136344e-09 8.466717e-09
4.174655e-09 8.312145e-09
4.213322e-09 8.160398e-09
4.252346e-09 8.011426e-09
4.291732e-09 7.865178e-09
4.331483e-09 7.721604e-09
4.371602e-09 7.580656e-09
4.412093e-09 7.442285e-09
4.452959e-09 7.306445e-09
4.494203e-09 7.173088e-09
4.535829e-09 7.042171e-09
4.577841e-09 6.913648e-09
4.620241e-09 6.787476e-09
4.663035e-09 6.663612e-09
4.706225e-09 6.542013e-09
4.749815e-09 6.422639e-09
4.793808e-09 6.305448e-09
4.838210e-09 6.190402e-09
4.883022e-09 6.077460e-09
4.928250e-09 5.966585e-09
4.973896e-09 5.857738e-09
5.019965e-09 5.750883e-09
5.066461e-09 5.645983e-09
5.113388e-09 5.543003e-09
5.160749e-09 5.441908e-09
5.208549e-09 5.342662e-09
5.256791e-09 5.245234e-09
5.305481e-09 5.149589e-09
5.354621e-09 5.055694e-09
5.404216e-09 4.963519e-09
5.454271e-09 4.873032e-09
5.504790e-09 4.784201e-09
5.555776e-09 4.696997e-09
5.607235e-09 4.611389e-09
5.659170e-09 4.527350e-09
5.711586e-09 4.444850e-09
5.764488e-09 4.363862e-09
5.817880e-09 4.284357e-09
5.871766e-09 4.206308e-09
5.926152e-09 4.129690e-09
5.981041e-09 4.054476e-09
6.036439e-09 3.980641e-09
6.092349e-09 3.908159e-09
6.148778e-09 3.837005e-09
6.205729e-09 3.767156e-09
6.263207e-09 3.698589e-09
6.321218e-09 3.631278e-09
6.379767e-09 3.565202e-09
6.438857e-09 3.500339e-09
6.498495e-09 3.436665e-09
6.558686e-09 3.374160e-09
6.619433e-09 3.312802e-09
6.680744e-09 3.252570e-09
6.742622e-09 3.193444e-09
6.805074e-09 3.135404e-09
6.868104e-09 3.078430e-09
6.931717e-09 3.022502e-09
6.995920e-09 2.967602e-09
7.060718e-09 2.913711e-09
7.126115e-09 2.860810e-09
7.192119e-09 2.808882e-09
7.258734e-09 2.757909e-09
7.325965e-09 2.707874e-09
7.393820e-09 2.658759e-09
7.462303e-09 2.610548e-09
7.531420e-09 2.563224e-09
7.601178e-09 2.516772e-09
7.671581e-09 2.471175e-09
7.742637e-09 2.426418e-09
7.814351e-09 2.382486e-09
7.886729e-09 2.339364e-09
7.959777e-09 2.297037e-09
8.033502e-09 2.255491e-09
8.107910e-09 2.214711e-09
8.183007e-09 2.174685e-09
8.258799e-09 2.135397e-09
8.335294e-09 2.096835e-09
8.412497e-09 2.058986e-09
8.490415e-09 2.021836e-09
8.569055e-09 1.985373e-09
8.648423e-09 1.949585e-09
8.728527e-09 1.914460e-09
8.809372e-09 1.879985e-09
8.890966e-09 1.846149e-09
8.973316e-09 1.812940e-09
9.056428e-09 1.780347e-09
9.140311e-09 1.748359e-09
9.224970e-09 1.716964e-09
9.310413e-09 1.686153e-09
9.396648e-09 1.655914e-09
9.483682e-09 1.626238e-09
9.571522e-09 1.597114e-09
9.660175e-09 1.568532e-09
9.749649e-09 1.540483e-09
9.839952e-09 1.512957e-09
9.931092e-09 1.485944e-09
1.002308e-08 1.459435e-09
1.011591e-08 1.433422e-09
1.020961e-08 1.407895e-09
1.030417e-08 1.382846e-09
1.039961e-08 1.358265e-09
1.049593e-08 1.334146e-09
1.059315e-08 1.310478e-09
1.069126e-08 1.287255e-09
1.079029e-08 1.264468e-09
1.089023e-08 1.242109e-09
1.099110e-08 1.220171e-09
1.109290e-08 1.198646e-09
1.119564e-08 1.177526e-09
1.129934e-08 1.156806e-09
1.140400e-08 1.136476e-09
1.150962e-08 1.116531e-09
1.161623e-08 1.096963e-09
1.172382e-08 1.077765e-09
1.183241e-08 1.058932e-09
1.194200e-08 1.040456e-09
1.205261e-08 1.022331e-09
1.216424e-08 1.004550e-09
1.227691e-08 9.871079e-10
1.239062e-08 9.699980e-10
1.250539e-08 9.532144e-10
1.262121e-08 9.367512e-10
1.273811e-08 9.206025e-10
1.285610e-08 9.047628e-10
1.297517e-08 8.892263e-10
1.309535e-08 8.739875e-10
1.321664e-08 8.590411e-10
1.333906e-08 8.443816e-10
1.346261e-08 8.300038e-10
1.358730e-08 8.159025e-10
1.371315e-08 8.020727e-10
1.384016e-08 7.885092e-10
1.396835e-08 7.752072e-10
1.409773e-08 7.621618e-10
1.422830e-08 7.493681e-10
1.436009e-08 7.368214e-10
1.449310e-08 7.245171e-10
1.462733e-08 7.124505e-10
1.476281e-08 7.006171e-10
1.489955e-08 6.890124e-10
1.503755e-08 6.776319e-10
1.517683e-08 6.664714e-10
1.531740e-08 6.555263e-10
1.545928e-08 6.447926e-10
1.560246e-08 6.342659e-10
1.574698e-08 6.239420e-10
1.589283e-08 6.138169e-10
1.604003e-08 6.038864e-10
1.618860e-08 5.941465e-10
1.633854e-08 5.845932e-10
1.648987e-08 5.752225e-10
1.664260e-08 5.660304e-10
1.679675e-08 5.570132e-10
1.695232e-08 5.481668e-10
1.710934e-08 5.394876e-10
1.726781e-08 5.309717e-10
1.742775e-08 5.226154e-10
1.758917e-08 5.144150e-10
1.775208e-08 5.063668e-10
1.791650e-08 4.984671e-10
1.808245e-08 4.907124e-10
1.824993e-08 4.830991e-10
1.841897e-08 4.756237e-10
1.858957e-08 4.682827e-10
1.876175e-08 4.610728e-10
1.893552e-08 4.539904e-10
1.911091e-08 4.470324e-10
1.928792e-08 4.401953e-10
1.946656e-08 4.334761e-10
1.964687e-08 4.268716e-10
1.982884e-08 4.203786e-10
2.001250e-08 4.139942e-10
2.019786e-08 4.077155e-10
2.038493e-08 4.015395e-10
2.057374e-08 3.954636e-10
2.076430e-08 3.894850e-10
2.095662e-08 3.836011e-10
2.115073e-08 3.778095e-10
2.134663e-08 3.721077e-10
2.154435e-08 3.664935e-10
2.174389e-08 3.609647e-10
2.194529e-08 3.555192e-10
2.214855e-08 3.501551e-10
2.235370e-08 3.448706e-10
2.256074e-08 3.396639e-10
2.276970e-08 3.345334e-10
2.298060e-08 3.294777e-10
2.319345e-08 3.244953e-10
2.340827e-08 3.195850e-10
2.362508e-08 3.147457e-10
2.384390e-08 3.099763e-10
2.406475e-08 3.052759e-10
2.428764e-08 3.006436e-10
2.451260e-08 2.960786e-10
2.473964e-08 2.915804e-10
2.496878e-08 2.871481e-10
2.520005e-08 2.827814e-10
2.543346e-08 2.784798e-10
2.566903e-08 2.742427e-10
2.590678e-08 2.700698e-10
2.614673e-08 2.659607e-10
2.638891e-08 2.619151e-10
2.663333e-08 2.579326e-10
2.688001e-08 2.540129e-10
2.712898e-08 2.501556e-10
2.738025e-08 2.463605e-10
2.763385e-08 2.426271e-10
2.788980e-08 2.389551e-10
2.814812e-08 2.353441e-10
2.840884e-08 2.317936e-10
2.867196e-08 2.283031e-10
2.893753e-08 2.248722e-10
2.920556e-08 2.215002e-10
2.947606e-08 2.181867e-10
2.974908e-08 2.149309e-10
3.002462e-08 2.117322e-10
3.030271e-08 2.085900e-10
3.058338e-08 2.055034e-10
3.086665e-08 2.024717e-10
3.115254e-08 1.994941e-10
3.144108e-08 1.965698e-10
3.173230e-08 1.936978e-10
3.202621e-08 1.908774e-10
3.232284e-08 1.881077e-10
3.262222e-08 1.853876e-10
3.292437e-08 1.827163e-10
3.322933e-08 1.800928e-10
3.353710e-08 1.775162e-10
3.384773e-08 1.749856e-10
3.416123e-08 1.724999e-10
3.447764e-08 1.700583e-10
3.479698e-08 1.676596e-10
3.511928e-08 1.653031e-10
3.544456e-08 1.629878e-10
3.577285e-08 1.607127e-10
3.610419e-08 1.584769e-10
3.643859e-08 1.562795e-10
3.677609e-08 1.541197e-10
3.711672e-08 1.519965e-10
3.746050e-08 1.499090e-10
3.780747e-08 1.478566e-10
3.815765e-08 1.458383e-10
3.851107e-08 1.438535e-10
3.886777e-08 1.419013e-10
3.922777e-08 1.399810e-10
3.959110e-08 1.380920e-10
3.995780e-08 1.362336e-10
4.032790e-08 1.344053e-10
4.070142e-08 1.326063e-10
4.107841e-08 1.308363e-10
4.145888e-08 1.290946e-10
4.184289e-08 1.273808e-10
4.223044e-08 1.256944e-10
4.262159e-08 1.240351e-10
4.301636e-08 1.224024e-10
4.341478e-08 1.207960e-10
4.381690e-08 1.192155e-10
4.422274e-08 1.176606e-10
4.463234e-08 1.161311e-10
4.504573e-08 1.146267e-10
4.546295e-08 1.131471e-10
4.588404e-08 1.116920e-10
4.630903e-08 1.102612e-10
4.673795e-08 1.088545e-10
4.717085e-08 1.074717e-10
4.760775e-08 1.061125e-10
4.804870e-08 1.047766e-10
4.849374e-08 1.034638e-10
4.894290e-08 1.021740e-10
4.939622e-08 1.009067e-10
4.985373e-08 9.966175e-11
5.031549e-08 9.843885e-11
5.078152e-08 9.723769e-11
5.125187e-08 9.605797e-11
5.172657e-08 9.489936e-11
5.220568e-08 9.376153e-11
5.268921e-08 9.264414e-11
5.317723e-08 9.154685e-11
5.366977e-08 9.046929e-11
5.416687e-08 8.941111e-11
5.466857e-08 8.837195e-11
5.517492e-08 8.735146e-11
5.568596e-08 8.634929e-11
5.620174e-08 8.536510e-11
5.672229e-08 8.439855e-11
5.724766e-08 8.344932e-11
5.777790e-08 8.251711e-11
5.831305e-08 8.160161e-11
5.885316e-08 8.070256e-11
5.939827e-08 7.981969e-11
5.994843e-08 7.895275e-11
6.050368e-08 7.810151e-11
6.106408e-08 7.726577e-11
6.162966e-08 7.644531e-11
6.220049e-08 7.563995e-11
6.277660e-08 7.484951e-11
6.335805e-08 7.407381e-11
6.394488e-08 7.331271e-11
6.453715e-08 7.256603e-11
6.513491e-08 7.183362e-11
6.573820e-08 7.111535e-11
6.634708e-08 7.041104e-11
6.696160e-08 6.972056e-11
6.758181e-08 6.904375e-11
6.820777e-08 6.838046e-11
6.883952e-08 6.773053e-11
6.947713e-08 6.709382e-11
7.012064e-08 6.647015e-11
7.077011e-08 6.585937e-11
7.142559e-08 6.526132e-11
7.208715e-08 6.467584e-11
7.275484e-08 6.410277e-11
7.342870e-08 6.354196e-11
7.410882e-08 6.299325e-11
7.479523e-08 6.245650e-11
7.548799e-08 6.193156e-11
7.618718e-08 6.141830e-11
7.689284e-08 6.091657e-11
7.760503e-08 6.042626e-11
7.832383e-08 5.994724e-11
7.904928e-08 5.947941e-11
7.978145e-08 5.902266e-11
8.052040e-08 5.857689e-11
8.126619e-08 5.814200e-11
8.201889e-08 5.771791e-11
8.277857e-08 5.730453e-11
8.354528e-08 5.690179e-11
8.431909e-08 5.650960e-11
8.510007e-08 5.612789e-11
8.588829e-08 5.575659e-11
8.668380e-08 5.539565e-11
8.748668e-08 5.504498e-11
8.829700e-08 5.470452e-11
8.911482e-08 5.437423e-11
8.994022e-08 5.405404e-11
9.077327e-08 5.374389e-11
9.161402e-08 5.344374e-11
9.246257e-08 5.315353e-11
9.331898e-08 5.287321e-11
9.418332e-08 5.260274e-11
9.505566e-08 5.234208e-11
9.593608e-08 5.209118e-11
9.682466e-08 5.185000e-11
9.772147e-08 5.161850e-11
9.862658e-08 5.139664e-11
9.954008e-08 5.118439e-11
1.004620e-07 5.098171e-11
1.013925e-07 5.078857e-11
1.023317e-07 5.060494e-11
1.032795e-07 5.043078e-11
1.042361e-07 5.026606e-11
1.052015e-07 5.011074e-11
1.061759e-07 4.996481e-11
1.071593e-07 4.982822e-11
1.081519e-07 4.970093e-11
1.091536e-07 4.958290e-11
1.101646e-07 4.947409e-11
1.111850e-07 4.937445e-11
1.122148e-07 4.928390e-11
1.132541e-07 4.920237e-11
1.143031e-07 4.912978e-11
1.153618e-07 4.906602e-11
1.164303e-07 4.901100e-11
1.175087e-07 4.896457e-11
1.185971e-07 4.892661e-11
1.196956e-07 4.889694e-11
1.208042e-07 4.887540e-11
1.219231e-07 4.886178e-11
1.230524e-07 4.885587e-11
1.241921e-07 4.885742e-11
1.253424e-07 4.886615e-11
1.265034e-07 4.888175e-11
1.276751e-07 4.890388e-11
1.288576e-07 4.893215e-11
1.300511e-07 4.896613e-11
1.312557e-07 4.900537e-11
1.324714e-07 4.904933e-11
1.336984e-07 4.909747e-11
1.349367e-07 4.914918e-11
1.361865e-07 4.920381e-11
1.374479e-07 4.926067e-11
1.387210e-07 4.931902e-11
1.400058e-07 4.937808e-11
1.413026e-07 4.943704e-11
1.426114e-07 4.949503e-11
1.439323e-07 4.955115e-11
1.452654e-07 4.960449e-11
1.466109e-07 4.965410e-11
1.479688e-07 4.969903e-11
1.493393e-07 4.973833e-11
1.507225e-07 4.977107e-11
1.521186e-07 4.979636e-11
1.535275e-07 4.981334e-11
1.549495e-07 4.982125e-11
1.563847e-07 4.981936e-11
1.578331e-07 4.980707e-11
1.592950e-07 4.978387e-11
1.607704e-07 4.974934e-11
1.622595e-07 4.970322e-11
1.637624e-07 4.964533e-11
1.652792e-07 4.957568e-11
1.668101e-07 4.949438e-11
1.683551e-07 4.940169e-11
1.699144e-07 4.929802e-11
1.714882e-07 4.918390e-11
1.730766e-07 4.906000e-11
1.746796e-07 4.892708e-11
1.762975e-07 4.878602e-11
1.779304e-07 4.863774e-11
1.795785e-07 4.848328e-11
1.812418e-07 4.832367e-11
1.829205e-07 4.816002e-11
1.846147e-07 4.799340e-11
1.863246e-07 4.782494e-11
1.880504e-07 4.765571e-11
1.897922e-07 4.748678e-11
1.915501e-07 4.731917e-11
1.933242e-07 4.715390e-11
1.951148e-07 4.699190e-11
1.969220e-07 4.683408e-11
1.987460e-07 4.668127e-11
2.005868e-07 4.653424e-11
2.024447e-07 4.639370e-11
2.043197e-07 4.626028e-11
2.062122e-07 4.613454e-11
2.081222e-07 4.601697e-11
2.100498e-07 4.590801e-11
2.119953e-07 4.580801e-11
2.139589e-07 4.571729e-11
2.159406e-07 4.563610e-11
2.179407e-07 4.556461e-11
2.199593e-07 4.550295e-11
2.219966e-07 4.545118e-11
2.240528e-07 4.540930e-11
2.261280e-07 4.537726e-11
2.282224e-07 4.535495e-11
2.303363e-07 4.534221e-11
2.324697e-07 4.533884e-11
2.346229e-07 4.534458e-11
2.367960e-07 4.535913e-11
2.389893e-07 4.538216e-11
2.412028e-07 4.541327e-11
2.434369e-07 4.545204e-11
2.456916e-07 4.549801e-11
2.479673e-07 4.555068e-11
2.502640e-07 4.560953e-11
2.525820e-07 4.567402e-11
2.549215e-07 4.574357e-11
2.572826e-07 4.581762e-11
2.596656e-07 4.589557e-11
2.620707e-07 4.597686e-11
2.644980e-07 4.606089e-11
2.669478e-07 4.614711e-11
2.694204e-07 4.623496e-11
2.719158e-07 4.632393e-11
2.744343e-07 4.641354e-11
2.769762e-07 4.650334e-11
2.795416e-07 4.659293e-11
2.821308e-07 4.668197e-11
2.847439e-07 4.677016e-11
2.873813e-07 4.685726e-11
2.900430e-07 4.694310e-11
2.927295e-07 4.702756e-11
2.954408e-07 4.711059e-11
2.981772e-07 4.719217e-11
3.009390e-07 4.727237e-11
3.037264e-07 4.735128e-11
3.065395e-07 4.742904e-11
3.093788e-07 4.750584e-11
3.122443e-07 4.758191e-11
3.151363e-07 4.765747e-11
3.180552e-07 4.773280e-11
3.210011e-07 4.780816e-11
3.239743e-07 4.788383e-11
3.269750e-07 4.796009e-11
3.300035e-07 4.803722e-11
3.330600e-07 4.811547e-11
3.361449e-07 4.819511e-11
3.392583e-07 4.827635e-11
3.424006e-07 4.835940e-11
3.455720e-07 4.844445e-11
3.487727e-07 4.853165e-11
3.520031e-07 4.862115e-11
3.552635e-07 4.871306e-11
3.585540e-07 4.880745e-11
3.618750e-07 4.890440e-11
3.652267e-07 4.900394e-11
3.686095e-07 4.910611e-11
3.720237e-07 4.921090e-11
3.754694e-07 4.931832e-11
3.789471e-07 4.942834e-11
3.824570e-07 4.954094e-11
3.859994e-07 4.965609e-11
3.895746e-07 4.977374e-11
3.931829e-07 4.989387e-11
3.968246e-07 5.001643e-11
4.005001e-07 5.014139e-11
4.042096e-07 5.026872e-11
4.079535e-07 5.039839e-11
4.117320e-07 5.053039e-11
4.155455e-07 5.066469e-11
4.193944e-07 5.080130e-11
4.232789e-07 5.094021e-11
4.271994e-07 5.108144e-11
4.311562e-07 5.122499e-11
4.351497e-07 5.137090e-11
4.391801e-07 5.151918e-11
4.432479e-07 5.166987e-11
4.473533e-07 5.182300e-11
4.514968e-07 5.197863e-11
4.556786e-07 5.213678e-11
4.598992e-07 5.229752e-11
4.641589e-07 5.246089e-11
4.684580e-07 5.262694e-11
4.727970e-07 5.279573e-11
4.771761e-07 5.296732e-11
4.815958e-07 5.314176e-11
4.860564e-07 5.331910e-11
4.905584e-07 5.349941e-11
4.951020e-07 5.368275e-11
4.996877e-07 5.386918e-11
5.043159e-07 5.405875e-11
5.089870e-07 5.425152e-11
5.137014e-07 5.444756e-11
5.184594e-07 5.464693e-11
5.232614e-07 5.484969e-11
5.281080e-07 5.505589e-11
5.329994e-07 5.526561e-11
5.379362e-07 5.547889e-11
5.429186e-07 5.569580e-11
5.479472e-07 5.591640e-11
5.530224e-07 5.614075e-11
5.581446e-07 5.636891e-11
5.633143e-07 5.660094e-11
5.685318e-07 5.683690e-11
5.737976e-07 5.707685e-11
5.791123e-07 5.732085e-11
5.844761e-07 5.756897e-11
5.898896e-07 5.782128e-11
5.953533e-07 5.807783e-11
6.008676e-07 5.833872e-11
6.064329e-07 5.860401e-11
6.120498e-07 5.887379e-11
6.177188e-07 5.914816e-11
6.234402e-07 5.942719e-11
6.292146e-07 5.971100e-11
6.350425e-07 5.999969e-11
6.409244e-07 6.029338e-11
6.468608e-07 6.059217e-11
6.528521e-07 6.089619e-11
6.588990e-07 6.120554e-11
6.650018e-07 6.152035e-11
6.711612e-07 6.184071e-11
6.773776e-07 6.216674e-11
6.836516e-07 6.249852e-11
6.899837e-07 6.283614e-11
6.963745e-07 6.317968e-11
7.028244e-07 6.352921e-11
7.093341e-07 6.388480e-11
7.159041e-07 6.424654e-11
7.225349e-07 6.461451e-11
7.292272e-07 6.498880e-11
7.359814e-07 6.536956e-11
7.427982e-07 6.575694e-11
7.496782e-07 6.615110e-11
7.566219e-07 6.655226e-11
7.636298e-07 6.696063e-11
7.707027e-07 6.737643e-11
7.778411e-07 6.779989e-11
7.850456e-07 6.823119e-11
7.923169e-07 6.867049e-11
7.996555e-07 6.911791e-11
8.070620e-07 6.957352e-11
8.145372e-07 7.003736e-11
8.220816e-07 7.050946e-11
8.296959e-07 7.098990e-11
8.373807e-07 7.147876e-11
8.451366e-07 7.197623e-11
8.529644e-07 7.248260e-11
8.608648e-07 7.299821e-11
8.688383e-07 7.352350e-11
8.768856e-07 7.405886e-11
8.850075e-07 7.460467e-11
8.932046e-07 7.516115e-11
9.014776e-07 7.572840e-11
9.098273e-07 7.630636e-11
9.182543e-07 7.689492e-11
9.267593e-07 7.749402e-11
9.353432e-07 7.810374e-11
9.440065e-07 7.872445e-11
9.527500e-07 7.935673e-11
9.615746e-07 8.000136e-11
9.704809e-07 8.065908e-11
9.794697e-07 8.133039e-11
9.885417e-07 8.201544e-11
9.976978e-07 8.271397e-11
1.006939e-06 8.342557e-11
1.016265e-06 8.414993e-11
1.025678e-06 8.488726e-11
1.035178e-06 8.563840e-11
1.044766e-06 8.640468e-11
1.054443e-06 8.718742e-11
1.064209e-06 8.798733e-11
1.074066e-06 8.880422e-11
1.084014e-06 8.963710e-11
1.094055e-06 9.048500e-11
1.104188e-06 9.134794e-11
1.114415e-06 9.222732e-11
1.124737e-06 9.312552e-11
1.135155e-06 9.404451e-11
1.145669e-06 9.498461e-11
1.156280e-06 9.594425e-11
1.166990e-06 9.692133e-11
1.177799e-06 9.791542e-11
1.188708e-06 9.892889e-11
1.199718e-06 9.996577e-11
1.210830e-06 1.010286e-10
1.222045e-06 1.021160e-10
1.233363e-06 1.032242e-10
1.244787e-06 1.043507e-10
1.256317e-06 1.054988e-10
1.267953e-06 1.066748e-10
1.279697e-06 1.078823e-10
1.291550e-06 1.091179e-10
1.303512e-06 1.103749e-10
1.315586e-06 1.116525e-10
1.327771e-06 1.129591e-10
1.340069e-06 1.143033e-10
1.352481e-06 1.156824e-10
1.365008e-06 1.170853e-10
1.377651e-06 1.185095e-10
1.390411e-06 1.199679e-10
1.403289e-06 1.214722e-10
1.416287e-06 1.230138e-10
1.429405e-06 1.245770e-10
1.442644e-06 1.261675e-10
1.456006e-06 1.278080e-10
1.469492e-06 1.294999e-10
1.483103e-06 1.312178e-10
1.496839e-06 1.329588e-10
1.510703e-06 1.347551e-10
1.524696e-06 1.366136e-10
1.538818e-06 1.384980e-10
1.553071e-06 1.404071e-10
1.567455e-06 1.423874e-10
1.581973e-06 1.444328e-10
1.596626e-06 1.464925e-10
1.611414e-06 1.485965e-10
1.626340e-06 1.507954e-10
1.641403e-06 1.530321e-10
1.656606e-06 1.552842e-10
1.671950e-06 1.576395e-10
1.687436e-06 1.600653e-10
1.703065e-06 1.624888e-10
1.718839e-06 1.650171e-10
1.734759e-06 1.676404e-10
1.750827e-06 1.702500e-10
1.767044e-06 1.729828e-10
1.783410e-06 1.758147e-10
1.799929e-06 1.786224e-10
1.816600e-06 1.816004e-10
1.833425e-06 1.846343e-10
1.850407e-06 1.876741e-10
1.867546e-06 1.909362e-10
1.884843e-06 1.941504e-10
1.902301e-06 1.975163e-10
1.919921e-06 2.010139e-10
1.937703e-06 2.044693e-10
1.955651e-06 2.082264e-10
1.973764e-06 2.118651e-10
1.992046e-06 2.158003e-10
2.010496e-06 2.197113e-10
2.029118e-06 2.237965e-10
2.047912e-06 2.280173e-10
2.066880e-06 2.322678e-10
2.086024e-06 2.367947e-10
2.105345e-06 2.412555e-10
2.124845e-06 2.460848e-10
2.144526e-06 2.508061e-10
2.164389e-06 2.559109e-10
2.184436e-06 2.609708e-10
2.204669e-06 2.663089e-10
2.225089e-06 2.718206e-10
2.245698e-06 2.773035e-10
2.266498e-06 2.833923e-10
2.287491e-06 2.890330e-10
2.308678e-06 2.955918e-10
2.330061e-06 3.017440e-10
2.351643e-06 3.083243e-10
2.373424e-06 3.154881e-10
2.395407e-06 3.220311e-10
2.417594e-06 3.296363e-10
2.439986e-06 3.373704e-10
2.462586e-06 3.445687e-10
2.485395e-06 3.530142e-10
2.508415e-06 3.617454e-10
2.531648e-06 3.697207e-10
2.555097e-06 3.786155e-10
2.578763e-06 3.886885e-10
2.602648e-06 3.983061e-10
2.626754e-06 4.074650e-10
2.651084e-06 4.176980e-10
2.675638e-06 4.293287e-10
2.700421e-06 4.411493e-10
2.725433e-06 4.524303e-10
2.750676e-06 4.636227e-10
2.776153e-06 4.756118e-10
2.801867e-06 4.888874e-10
2.827818e-06 5.032384e-10
2.854010e-06 5.183764e-10
2.880444e-06 5.339591e-10
2.907123e-06 5.499866e-10
2.934050e-06 5.664840e-10
2.961225e-06 5.836682e-10
2.988653e-06 6.016302e-10
3.016334e-06 6.205339e-10
3.044272e-06 6.403343e-10
3.072469e-06 6.609701e-10
3.100927e-06 6.820346e-10
3.129648e-06 7.032087e-10
3.158635e-06 7.243435e-10
3.187891e-06 7.467580e-10
3.217418e-06 7.728958e-10
3.247218e-06 8.051186e-10
3.277295e-06 8.401848e-10
3.307650e-06 8.689655e-10
3.338286e-06 8.921100e-10
3.369206e-06 9.278097e-10
3.400412e-06 9.781909e-10
3.431907e-06 1.008916e-09
3.463694e-06 1.039307e-09
3.495776e-06 1.105725e-09
3.528154e-06 1.135457e-09
3.560833e-06 1.186458e-09
3.593814e-06 1.255216e-09
3.627100e-06 1.284282e-09
3.660695e-06 1.381885e-09
3.694601e-06 1.405476e-09
3.728821e-06 1.515140e-09
3.763358e-06 1.562763e-09
3.798215e-06 1.636828e-09
3.833395e-06 1.780545e-09
3.868901e-06 1.791704e-09
3.904735e-06 1.917081e-09
3.940902e-06 2.109244e-09
3.977403e-06 2.161571e-09
4.014242e-06 2.207380e-09
4.051423e-06 2.357635e-09
4.088948e-06 2.589434e-09
4.126821e-06 2.840784e-09
4.165044e-06 3.072057e-09
4.203622e-06 3.293229e-09
4.242556e-06 3.533051e-09
4.281852e-06 3.800585e-09
4.321511e-06 4.047643e-09
4.361538e-06 4.165714e-09
4.401935e-06 4.167282e-09
4.442707e-06 4.309181e-09
4.483856e-06 4.980466e-09
4.525386e-06 6.115650e-09
4.567301e-06 5.531663e-09
4.609604e-06 5.958936e-09
4.652300e-06 7.772555e-09
4.695390e-06 6.559206e-09
4.738880e-06 9.593270e-09
4.782772e-06 7.634874e-09
4.827071e-06 1.065432e-08
4.871780e-06 1.004906e-08
4.916904e-06 9.722648e-09
4.962445e-06 1.325085e-08
5.008408e-06 1.666166e-08
5.054797e-06 1.452926e-08
5.101615e-06 1.425703e-08
5.148867e-06 1.508704e-08
5.196557e-06 1.650894e-08
5.244689e-06 1.867099e-08
5.293266e-06 2.290926e-08
5.342293e-06 3.336662e-08
5.391775e-06 3.011733e-08
5.441714e-06 2.592856e-08
5.492116e-06 3.625280e-08
5.542986e-06 3.565271e-08
5.594326e-06 3.772240e-08
5.646141e-06 3.993490e-08
5.698437e-06 4.967070e-08
5.751217e-06 4.179666e-08
5.804486e-06 4.485243e-08
5.858248e-06 4.927125e-08
5.912508e-06 5.030740e-08
5.967271e-06 4.997787e-08
6.022541e-06 4.949827e-08
6.078323e-06 4.876403e-08
6.134622e-06 4.793958e-08
6.191442e-06 4.781726e-08
6.248788e-06 4.804916e-08
6.306666e-06 4.735047e-08
6.365079e-06 4.723971e-08
6.424034e-06 4.670304e-08
6.483534e-06 4.644038e-08
6.543586e-06 4.604096e-08
6.604194e-06 4.561382e-08
6.665363e-06 4.520993e-08
6.727099e-06 4.480972e-08
6.789407e-06 4.441133e-08
6.852292e-06 4.401024e-08
6.915759e-06 4.360667e-08
6.979814e-06 4.320823e-08
7.044462e-06 4.281311e-08
7.109709e-06 4.242055e-08
7.175561e-06 4.203143e-08
7.242022e-06 4.164594e-08
7.309099e-06 4.126385e-08
7.376798e-06 4.088521e-08
7.445123e-06 4.051001e-08
7.514081e-06 4.013826e-08
7.583678e-06 3.976992e-08
7.653919e-06 3.940496e-08
7.724811e-06 3.904334e-08
7.796360e-06 3.868504e-08
7.868572e-06 3.833004e-08
7.941452e-06 3.797828e-08
8.015007e-06 3.762976e-08
8.089243e-06 3.728444e-08
8.164168e-06 3.694228e-08
8.239786e-06 3.660327e-08
8.316104e-06 3.626736e-08
8.393129e-06 3.593454e-08
8.470868e-06 3.560478e-08
8.549327e-06 3.527804e-08
8.628513e-06 3.495429e-08
8.708431e-06 3.463352e-08
8.789091e-06 3.431570e-08
8.870497e-06 3.400079e-08
8.952657e-06 3.368877e-08
9.035578e-06 3.337961e-08
9.119268e-06 3.307329e-08
9.203732e-06 3.276979e-08
9.288979e-06 3.246906e-08
9.375015e-06 3.217110e-08
9.461848e-06 3.187588e-08
9.549486e-06 3.158336e-08
9.637935e-06 3.129352e-08
9.727203e-06 3.100635e-08
9.817298e-06 3.072181e-08
9.908228e-06 3.043989e-08
1.000000e-05 3.016055e-08
