# sqrt(Delta_m21^2) [eV]    g_IAXO [GeV^-1]    (varphi = pi/4, w_res = 200 eV)
1.000000e-09 3.241740e-08
1.009963e-09 3.178100e-08
1.020025e-09 3.115709e-08
1.030187e-09 3.054542e-08
1.040450e-09 2.994577e-08
1.050816e-09 2.935789e-08
1.061285e-09 2.878155e-08
1.071858e-09 2.821652e-08
1.082537e-09 2.766259e-08
1.093322e-09 2.711953e-08
1.104214e-09 2.658713e-08
1.115215e-09 2.606519e-08
1.126326e-09 2.555349e-08
1.137547e-09 2.505184e-08
1.148880e-09 2.456003e-08
1.160326e-09 2.407788e-08
1.171886e-09 2.360519e-08
1.183561e-09 2.314179e-08
1.195353e-09 2.268748e-08
1.207262e-09 2.224209e-08
1.219289e-09 2.180544e-08
1.231437e-09 2.137737e-08
1.243705e-09 2.095770e-08
1.256096e-09 2.054627e-08
1.268610e-09 2.014291e-08
1.281249e-09 1.974748e-08
1.294013e-09 1.935981e-08
1.306905e-09 1.897974e-08
1.319925e-09 1.860714e-08
1.333075e-09 1.824186e-08
1.346356e-09 1.788374e-08
1.359770e-09 1.753266e-08
1.373317e-09 1.718846e-08
1.386999e-09 1.685103e-08
1.400817e-09 1.652022e-08
1.414773e-09 1.619590e-08
1.428868e-09 1.587795e-08
1.443103e-09 1.556624e-08
1.457480e-09 1.526066e-08
1.472001e-09 1.496107e-08
1.486666e-09 1.466736e-08
1.501477e-09 1.437942e-08
1.516436e-09 1.409713e-08
1.531544e-09 1.382038e-08
1.546802e-09 1.354907e-08
1.562212e-09 1.328308e-08
1.577776e-09 1.302231e-08
1.593495e-09 1.276666e-08
1.609371e-09 1.251604e-08
1.625404e-09 1.227033e-08
1.641598e-09 1.202944e-08
1.657953e-09 1.179329e-08
1.674470e-09 1.156177e-08
1.691153e-09 1.133480e-08
1.708001e-09 1.111228e-08
1.725017e-09 1.089413e-08
1.742203e-09 1.068026e-08
1.759560e-09 1.047059e-08
1.777090e-09 1.026504e-08
1.794795e-09 1.006352e-08
1.812676e-09 9.865961e-09
1.830735e-09 9.672278e-09
1.848974e-09 9.482398e-09
1.867395e-09 9.296246e-09
1.885999e-09 9.113747e-09
1.904789e-09 8.934832e-09
1.923765e-09 8.759429e-09
1.942931e-09 8.587470e-09
1.962288e-09 8.418886e-09
1.981838e-09 8.253612e-09
2.001582e-09 8.091583e-09
2.021524e-09 7.932734e-09
2.041663e-09 7.777004e-09
2.062004e-09 7.624331e-09
2.082547e-09 7.474656e-09
2.103295e-09 7.327919e-09
2.124249e-09 7.184062e-09
2.145413e-09 7.043030e-09
2.166787e-09 6.904767e-09
2.188374e-09 6.769218e-09
2.210176e-09 6.636330e-09
2.232195e-09 6.506050e-09
2.254434e-09 6.378329e-09
2.276894e-09 6.253115e-09
2.299578e-09 6.130359e-09
2.322488e-09 6.010013e-09
2.345626e-09 5.892029e-09
2.368995e-09 5.776362e-09
2.392597e-09 5.662966e-09
2.416433e-09 5.551795e-09
2.440508e-09 5.442808e-09
2.464822e-09 5.335960e-09
2.489378e-09 5.231209e-09
2.514179e-09 5.128515e-09
2.539227e-09 5.027837e-09
2.564525e-09 4.929136e-09
2.590074e-09 4.832372e-09
2.615878e-09 4.737508e-09
2.641939e-09 4.644507e-09
2.668260e-09 4.553331e-09
2.694843e-09 4.463945e-09
2.721691e-09 4.376314e-09
2.748807e-09 4.290404e-09
2.776192e-09 4.206180e-09
2.803851e-09 4.123610e-09
2.831785e-09 4.042660e-09
2.859997e-09 3.963300e-09
2.888490e-09 3.885498e-09
2.917267e-09 3.809224e-09
2.946331e-09 3.734446e-09
2.975685e-09 3.661137e-09
3.005330e-09 3.589268e-09
3.035272e-09 3.518809e-09
3.065511e-09 3.449733e-09
3.096052e-09 3.382014e-09
3.126897e-09 3.315624e-09
3.158049e-09 3.250537e-09
3.189512e-09 3.186729e-09
3.221288e-09 3.124173e-09
3.253381e-09 3.062845e-09
3.285793e-09 3.002721e-09
3.318529e-09 2.943778e-09
3.351590e-09 2.885992e-09
3.384981e-09 2.829341e-09
3.418705e-09 2.773801e-09
3.452764e-09 2.719353e-09
3.487163e-09 2.665973e-09
3.521905e-09 2.613641e-09
3.556992e-09 2.562337e-09
3.592430e-09 2.512040e-09
3.628220e-09 2.462730e-09
3.664367e-09 2.414389e-09
3.700874e-09 2.366997e-09
3.737744e-09 2.320535e-09
3.774982e-09 2.274986e-09
3.812591e-09 2.230331e-09
3.850575e-09 2.186552e-09
3.888937e-09 2.143633e-09
3.927682e-09 2.101557e-09
3.966812e-09 2.060307e-09
4.006332e-09 2.019867e-09
4.046246e-09 1.980221e-09
4.086558e-09 1.941354e-09
4.127271e-09 1.903249e-09
4.168389e-09 1.865893e-09
4.209918e-09 1.829271e-09
4.251860e-09 1.793367e-09
4.294220e-09 1.758169e-09
4.337002e-09 1.723661e-09
4.380210e-09 1.689831e-09
4.423849e-09 1.656666e-09
4.467923e-09 1.624152e-09
4.512435e-09 1.592276e-09
4.557391e-09 1.561026e-09
4.602795e-09 1.530390e-09
4.648651e-09 1.500356e-09
4.694964e-09 1.470911e-09
4.741739e-09 1.442045e-09
4.788980e-09 1.413745e-09
4.836691e-09 1.386001e-09
4.884877e-09 1.358802e-09
4.933544e-09 1.332137e-09
4.982695e-09 1.305996e-09
5.032336e-09 1.280369e-09
5.082472e-09 1.255244e-09
5.133107e-09 1.230613e-09
5.184247e-09 1.206466e-09
5.235896e-09 1.182793e-09
5.288060e-09 1.159586e-09
5.340743e-09 1.136834e-09
5.393951e-09 1.114528e-09
5.447689e-09 1.092661e-09
5.501963e-09 1.071224e-09
5.556778e-09 1.050208e-09
5.612138e-09 1.029604e-09
5.668050e-09 1.009406e-09
5.724519e-09 9.896036e-10
5.781551e-09 9.701908e-10
5.839151e-09 9.511593e-10
5.897324e-09 9.325017e-10
5.956078e-09 9.142107e-10
6.015416e-09 8.962791e-10
6.075346e-09 8.786999e-10
6.135873e-09 8.614660e-10
6.197003e-09 8.445709e-10
6.258742e-09 8.280077e-10
6.321096e-09 8.117700e-10
6.384071e-09 7.958515e-10
6.447674e-09 7.802458e-10
6.511910e-09 7.649468e-10
6.576786e-09 7.499486e-10
6.642309e-09 7.352452e-10
6.708484e-09 7.208308e-10
6.775319e-09 7.066997e-10
6.842819e-09 6.928465e-10
6.910992e-09 6.792657e-10
6.979844e-09 6.659519e-10
7.049382e-09 6.528998e-10
7.119613e-09 6.401045e-10
7.190544e-09 6.275607e-10
7.262181e-09 6.152637e-10
7.334532e-09 6.032086e-10
7.407604e-09 5.913905e-10
7.481403e-09 5.798050e-10
7.555938e-09 5.684474e-10
7.631216e-09 5.573132e-10
7.707243e-09 5.463981e-10
7.784028e-09 5.356978e-10
7.861578e-09 5.252082e-10
7.939901e-09 5.149249e-10
8.019004e-09 5.048441e-10
8.098895e-09 4.949618e-10
8.179582e-09 4.852740e-10
8.261072e-09 4.757770e-10
8.343375e-09 4.664670e-10
8.426497e-09 4.573404e-10
8.510448e-09 4.483936e-10
8.595235e-09 4.396230e-10
8.680867e-09 4.310253e-10
8.767352e-09 4.225970e-10
8.854698e-09 4.143348e-10
8.942915e-09 4.062355e-10
9.032011e-09 3.982959e-10
9.121994e-09 3.905129e-10
9.212874e-09 3.828833e-10
9.304659e-09 3.754043e-10
9.397358e-09 3.680728e-10
9.490981e-09 3.608861e-10
9.585537e-09 3.538412e-10
9.681035e-09 3.469353e-10
9.777484e-09 3.401659e-10
9.874894e-09 3.335302e-10
9.973275e-09 3.270255e-10
1.007264e-08 3.206495e-10
1.017299e-08 3.143994e-10
1.027434e-08 3.082730e-10
1.037670e-08 3.022677e-10
1.048008e-08 2.963812e-10
1.058449e-08 2.906112e-10
1.068994e-08 2.849555e-10
1.079644e-08 2.794117e-10
1.090400e-08 2.739778e-10
1.101263e-08 2.686515e-10
1.112235e-08 2.634309e-10
1.123316e-08 2.583137e-10
1.134507e-08 2.532981e-10
1.145810e-08 2.483821e-10
1.157225e-08 2.435636e-10
1.168754e-08 2.388409e-10
1.180398e-08 2.342121e-10
1.192158e-08 2.296752e-10
1.204035e-08 2.252287e-10
1.216031e-08 2.208706e-10
1.228146e-08 2.165993e-10
1.240381e-08 2.124131e-10
1.252739e-08 2.083104e-10
1.265219e-08 2.042895e-10
1.277824e-08 2.003489e-10
1.290555e-08 1.964870e-10
1.303412e-08 1.927023e-10
1.316398e-08 1.889932e-10
1.329513e-08 1.853584e-10
1.342758e-08 1.817964e-10
1.356136e-08 1.783058e-10
1.369647e-08 1.748852e-10
1.383292e-08 1.715332e-10
1.397073e-08 1.682486e-10
1.410992e-08 1.650301e-10
1.425049e-08 1.618763e-10
1.439247e-08 1.587861e-10
1.453585e-08 1.557581e-10
1.468067e-08 1.527913e-10
1.482693e-08 1.498844e-10
1.497465e-08 1.470363e-10
1.512383e-08 1.442458e-10
1.527451e-08 1.415119e-10
1.542668e-08 1.388335e-10
1.558037e-08 1.362095e-10
1.573560e-08 1.336388e-10
1.589237e-08 1.311205e-10
1.605070e-08 1.286535e-10
1.621061e-08 1.262369e-10
1.637211e-08 1.238696e-10
1.653522e-08 1.215508e-10
1.669995e-08 1.192795e-10
1.686633e-08 1.170548e-10
1.703436e-08 1.148759e-10
1.720407e-08 1.127418e-10
1.737547e-08 1.106516e-10
1.754858e-08 1.086046e-10
1.772341e-08 1.065999e-10
1.789998e-08 1.046367e-10
1.807831e-08 1.027142e-10
1.825842e-08 1.008316e-10
1.844033e-08 9.898821e-11
1.862404e-08 9.718317e-11
1.880959e-08 9.541578e-11
1.899698e-08 9.368532e-11
1.918624e-08 9.199106e-11
1.937739e-08 9.033229e-11
1.957044e-08 8.870834e-11
1.976541e-08 8.711850e-11
1.996233e-08 8.556212e-11
2.016121e-08 8.403853e-11
2.036207e-08 8.254707e-11
2.056493e-08 8.108712e-11
2.076981e-08 7.965802e-11
2.097674e-08 7.825917e-11
2.118572e-08 7.688994e-11
2.139679e-08 7.554972e-11
2.160996e-08 7.423792e-11
2.182525e-08 7.295395e-11
2.204269e-08 7.169721e-11
2.226230e-08 7.046712e-11
2.248409e-08 6.926311e-11
2.270809e-08 6.808462e-11
2.293433e-08 6.693107e-11
2.316281e-08 6.580191e-11
2.339358e-08 6.469659e-11
2.362664e-08 6.361455e-11
2.386203e-08 6.255525e-11
2.409976e-08 6.151814e-11
2.433985e-08 6.050268e-11
2.458235e-08 5.950835e-11
2.482725e-08 5.853460e-11
2.507460e-08 5.758090e-11
2.532441e-08 5.664674e-11
2.557671e-08 5.573158e-11
2.583152e-08 5.483490e-11
2.608887e-08 5.395619e-11
2.634879e-08 5.309494e-11
2.661129e-08 5.225063e-11
2.687641e-08 5.142276e-11
2.714418e-08 5.061083e-11
2.741461e-08 4.981435e-11
2.768773e-08 4.903282e-11
2.796357e-08 4.826576e-11
2.824217e-08 4.751271e-11
2.852353e-08 4.677319e-11
2.880771e-08 4.604676e-11
2.909471e-08 4.533296e-11
2.938457e-08 4.463138e-11
2.967732e-08 4.394158e-11
2.997299e-08 4.326317e-11
3.027160e-08 4.259577e-11
3.057319e-08 4.193900e-11
3.087778e-08 4.129251e-11
3.118540e-08 4.065597e-11
3.149609e-08 4.002907e-11
3.180988e-08 3.941151e-11
3.212679e-08 3.880304e-11
3.244686e-08 3.820341e-11
3.277012e-08 3.761239e-11
3.309660e-08 3.702978e-11
3.342633e-08 3.645542e-11
3.375935e-08 3.588913e-11
3.409568e-08 3.533080e-11
3.443537e-08 3.478032e-11
3.477844e-08 3.423758e-11
3.512492e-08 3.370252e-11
3.547486e-08 3.317509e-11
3.582829e-08 3.265525e-11
3.618523e-08 3.214296e-11
3.654574e-08 3.163822e-11
3.690983e-08 3.114103e-11
3.727755e-08 3.065138e-11
3.764894e-08 3.016930e-11
3.802402e-08 2.969478e-11
3.840285e-08 2.922785e-11
3.878544e-08 2.876853e-11
3.917185e-08 2.831682e-11
3.956211e-08 2.787275e-11
3.995625e-08 2.743630e-11
4.035432e-08 2.700749e-11
4.075636e-08 2.658630e-11
4.116241e-08 2.617272e-11
4.157249e-08 2.576673e-11
4.198667e-08 2.536829e-11
4.240497e-08 2.497735e-11
4.282744e-08 2.459388e-11
4.325411e-08 2.421780e-11
4.368504e-08 2.384905e-11
4.412026e-08 2.348755e-11
4.455982e-08 2.313321e-11
4.500376e-08 2.278594e-11
4.545212e-08 2.244563e-11
4.590494e-08 2.211218e-11
4.636228e-08 2.178546e-11
4.682417e-08 2.146537e-11
4.729067e-08 2.115177e-11
4.776181e-08 2.084453e-11
4.823765e-08 2.054352e-11
4.871822e-08 2.024859e-11
4.920359e-08 1.995960e-11
4.969379e-08 1.967641e-11
5.018887e-08 1.939886e-11
5.068889e-08 1.912682e-11
5.119389e-08 1.886011e-11
5.170392e-08 1.859861e-11
5.221903e-08 1.834214e-11
5.273927e-08 1.809057e-11
5.326470e-08 1.784373e-11
5.379536e-08 1.760149e-11
5.433131e-08 1.736370e-11
5.487259e-08 1.713022e-11
5.541927e-08 1.690092e-11
5.597140e-08 1.667567e-11
5.652902e-08 1.645434e-11
5.709220e-08 1.623682e-11
5.766100e-08 1.602302e-11
5.823546e-08 1.581282e-11
5.881564e-08 1.560614e-11
5.940160e-08 1.540291e-11
5.999340e-08 1.520305e-11
6.059110e-08 1.500651e-11
6.119475e-08 1.481324e-11
6.180441e-08 1.462320e-11
6.242015e-08 1.443635e-11
6.304203e-08 1.425268e-11
6.367010e-08 1.407217e-11
6.430442e-08 1.389480e-11
6.494507e-08 1.372059e-11
6.559210e-08 1.354952e-11
6.624557e-08 1.338159e-11
6.690556e-08 1.321682e-11
6.757212e-08 1.305521e-11
6.824532e-08 1.289675e-11
6.892522e-08 1.274146e-11
6.961191e-08 1.258931e-11
7.030543e-08 1.244032e-11
7.100586e-08 1.229446e-11
7.171327e-08 1.215172e-11
7.242773e-08 1.201206e-11
7.314930e-08 1.187546e-11
7.387807e-08 1.174187e-11
7.461409e-08 1.161124e-11
7.535745e-08 1.148353e-11
7.610822e-08 1.135867e-11
7.686646e-08 1.123660e-11
7.763226e-08 1.111726e-11
7.840568e-08 1.100058e-11
7.918682e-08 1.088649e-11
7.997573e-08 1.077493e-11
8.077250e-08 1.066584e-11
8.157722e-08 1.055915e-11
8.238995e-08 1.045483e-11
8.321077e-08 1.035282e-11
8.403978e-08 1.025308e-11
8.487704e-08 1.015558e-11
8.572265e-08 1.006029e-11
8.657667e-08 9.967198e-12
8.743921e-08 9.876282e-12
8.831034e-08 9.787532e-12
8.919015e-08 9.700939e-12
9.007873e-08 9.616498e-12
9.097615e-08 9.534205e-12
9.188252e-08 9.454055e-12
9.279792e-08 9.376043e-12
9.372244e-08 9.300163e-12
9.465617e-08 9.226405e-12
9.559920e-08 9.154757e-12
9.655163e-08 9.085204e-12
9.751354e-08 9.017728e-12
9.848504e-08 8.952308e-12
9.946622e-08 8.888922e-12
1.004572e-07 8.827545e-12
1.014580e-07 8.768153e-12
1.024688e-07 8.710719e-12
1.034897e-07 8.655216e-12
1.045207e-07 8.601617e-12
1.055620e-07 8.549894e-12
1.066137e-07 8.500023e-12
1.076758e-07 8.451979e-12
1.087486e-07 8.405742e-12
1.098320e-07 8.361290e-12
1.109262e-07 8.318605e-12
1.120314e-07 8.277667e-12
1.131475e-07 8.238453e-12
1.142748e-07 8.200945e-12
1.154132e-07 8.165120e-12
1.165631e-07 8.130959e-12
1.177243e-07 8.098436e-12
1.188972e-07 8.067524e-12
1.200817e-07 8.038189e-12
1.212781e-07 8.010394e-12
1.224863e-07 7.984101e-12
1.237066e-07 7.959267e-12
1.249391e-07 7.935846e-12
1.261838e-07 7.913785e-12
1.274409e-07 7.893027e-12
1.287106e-07 7.873510e-12
1.299929e-07 7.855173e-12
1.312880e-07 7.837950e-12
1.325960e-07 7.821771e-12
1.339170e-07 7.806559e-12
1.352512e-07 7.792233e-12
1.365986e-07 7.778713e-12
1.379595e-07 7.765912e-12
1.393340e-07 7.753736e-12
1.407221e-07 7.742084e-12
1.421241e-07 7.730855e-12
1.435400e-07 7.719944e-12
1.449701e-07 7.709237e-12
1.464144e-07 7.698619e-12
1.478730e-07 7.687974e-12
1.493463e-07 7.677189e-12
1.508341e-07 7.666152e-12
1.523369e-07 7.654752e-12
1.538546e-07 7.642890e-12
1.553874e-07 7.630478e-12
1.569354e-07 7.617435e-12
1.584989e-07 7.603695e-12
1.600780e-07 7.589213e-12
1.616728e-07 7.573956e-12
1.632835e-07 7.557908e-12
1.649103e-07 7.541079e-12
1.665532e-07 7.523493e-12
1.682125e-07 7.505194e-12
1.698884e-07 7.486248e-12
1.715809e-07 7.466735e-12
1.732903e-07 7.446751e-12
1.750168e-07 7.426411e-12
1.767604e-07 7.405838e-12
1.785214e-07 7.385166e-12
1.803000e-07 7.364540e-12
1.820963e-07 7.344108e-12
1.839104e-07 7.324028e-12
1.857427e-07 7.304457e-12
1.875932e-07 7.285558e-12
1.894621e-07 7.267496e-12
1.913497e-07 7.250432e-12
1.932560e-07 7.234529e-12
1.951814e-07 7.219943e-12
1.971259e-07 7.206821e-12
1.990898e-07 7.195304e-12
2.010733e-07 7.185516e-12
2.030765e-07 7.177574e-12
2.050997e-07 7.171577e-12
2.071431e-07 7.167614e-12
2.092068e-07 7.165763e-12
2.112910e-07 7.166090e-12
2.133961e-07 7.168657e-12
2.155221e-07 7.173517e-12
2.176693e-07 7.180715e-12
2.198378e-07 7.190287e-12
2.220280e-07 7.202258e-12
2.242400e-07 7.216639e-12
2.264740e-07 7.233431e-12
2.287303e-07 7.252619e-12
2.310091e-07 7.274171e-12
2.333106e-07 7.298042e-12
2.356350e-07 7.324175e-12
2.379825e-07 7.352505e-12
2.403535e-07 7.382951e-12
2.427481e-07 7.415418e-12
2.451665e-07 7.449794e-12
2.476090e-07 7.485962e-12
2.500759e-07 7.523785e-12
2.525673e-07 7.563101e-12
2.550835e-07 7.603737e-12
2.576249e-07 7.645514e-12
2.601915e-07 7.688240e-12
2.627837e-07 7.731700e-12
2.654018e-07 7.775680e-12
2.680459e-07 7.819967e-12
2.707163e-07 7.864335e-12
2.734134e-07 7.908546e-12
2.761373e-07 7.952385e-12
2.788884e-07 7.995645e-12
2.816669e-07 8.038112e-12
2.844731e-07 8.079604e-12
2.873072e-07 8.119968e-12
2.901695e-07 8.159048e-12
2.930604e-07 8.196729e-12
2.959801e-07 8.232939e-12
2.989288e-07 8.267609e-12
3.019070e-07 8.300717e-12
3.049148e-07 8.332289e-12
3.079526e-07 8.362342e-12
3.110206e-07 8.390956e-12
3.141192e-07 8.418220e-12
3.172487e-07 8.444231e-12
3.204093e-07 8.469150e-12
3.236015e-07 8.493112e-12
3.268254e-07 8.516292e-12
3.300815e-07 8.538857e-12
3.333700e-07 8.560975e-12
3.366913e-07 8.582833e-12
3.400456e-07 8.604573e-12
3.434334e-07 8.626384e-12
3.468549e-07 8.648414e-12
3.503105e-07 8.670831e-12
3.538006e-07 8.693749e-12
3.573254e-07 8.717322e-12
3.608853e-07 8.741651e-12
3.644807e-07 8.766843e-12
3.681119e-07 8.792985e-12
3.717793e-07 8.820183e-12
3.754832e-07 8.848476e-12
3.792240e-07 8.877942e-12
3.830021e-07 8.908638e-12
3.868179e-07 8.940586e-12
3.906716e-07 8.973838e-12
3.945638e-07 9.008423e-12
3.984947e-07 9.044342e-12
4.024648e-07 9.081631e-12
4.064744e-07 9.120285e-12
4.105240e-07 9.160306e-12
4.146139e-07 9.201718e-12
4.187446e-07 9.244477e-12
4.229164e-07 9.288620e-12
4.271298e-07 9.334115e-12
4.313852e-07 9.380956e-12
4.356829e-07 9.429144e-12
4.400235e-07 9.478647e-12
4.444073e-07 9.529471e-12
4.488348e-07 9.581564e-12
4.533065e-07 9.634960e-12
4.578226e-07 9.689583e-12
4.623838e-07 9.745464e-12
4.669903e-07 9.802544e-12
4.716428e-07 9.860829e-12
4.763417e-07 9.920281e-12
4.810873e-07 9.980904e-12
4.858803e-07 1.004265e-11
4.907209e-07 1.010554e-11
4.956098e-07 1.016954e-11
5.005474e-07 1.023464e-11
5.055343e-07 1.030085e-11
5.105707e-07 1.036815e-11
5.156574e-07 1.043656e-11
5.207947e-07 1.050608e-11
5.259833e-07 1.057672e-11
5.312235e-07 1.064848e-11
5.365159e-07 1.072144e-11
5.418611e-07 1.079554e-11
5.472595e-07 1.087089e-11
5.527116e-07 1.094747e-11
5.582181e-07 1.102536e-11
5.637795e-07 1.110454e-11
5.693963e-07 1.118513e-11
5.750690e-07 1.126712e-11
5.807982e-07 1.135060e-11
5.865845e-07 1.143559e-11
5.924285e-07 1.152214e-11
5.983307e-07 1.161034e-11
6.042917e-07 1.170021e-11
6.103121e-07 1.179182e-11
6.163924e-07 1.188524e-11
6.225334e-07 1.198049e-11
6.287355e-07 1.207766e-11
6.349994e-07 1.217683e-11
6.413257e-07 1.227802e-11
6.477150e-07 1.238131e-11
6.541680e-07 1.248681e-11
6.606853e-07 1.259452e-11
6.672675e-07 1.270458e-11
6.739153e-07 1.281700e-11
6.806293e-07 1.293189e-11
6.874102e-07 1.304932e-11
6.942587e-07 1.316925e-11
7.011754e-07 1.329180e-11
7.081610e-07 1.341684e-11
7.152162e-07 1.354429e-11
7.223417e-07 1.367423e-11
7.295381e-07 1.380667e-11
7.368063e-07 1.394171e-11
7.441469e-07 1.407949e-11
7.515606e-07 1.422020e-11
7.590482e-07 1.436393e-11
7.666103e-07 1.451077e-11
7.742478e-07 1.466098e-11
7.819614e-07 1.481457e-11
7.897519e-07 1.497166e-11
7.976200e-07 1.513233e-11
8.055664e-07 1.529656e-11
8.135920e-07 1.546440e-11
8.216976e-07 1.563587e-11
8.298839e-07 1.581102e-11
8.381518e-07 1.598980e-11
8.465021e-07 1.617232e-11
8.549355e-07 1.635883e-11
8.634530e-07 1.654953e-11
8.720553e-07 1.674472e-11
8.807433e-07 1.694485e-11
8.895179e-07 1.715036e-11
8.983799e-07 1.736149e-11
9.073302e-07 1.757820e-11
9.163697e-07 1.779952e-11
9.254992e-07 1.802454e-11
9.347197e-07 1.825341e-11
9.440320e-07 1.848682e-11
9.534371e-07 1.872558e-11
9.629359e-07 1.897056e-11
9.725294e-07 1.922238e-11
9.822184e-07 1.948123e-11
9.920039e-07 1.974694e-11
1.001887e-06 2.001905e-11
1.011868e-06 2.029705e-11
1.021949e-06 2.058075e-11
1.032131e-06 2.087051e-11
1.042414e-06 2.116749e-11
1.052799e-06 2.147376e-11
1.063288e-06 2.179158e-11
1.073881e-06 2.212119e-11
1.084580e-06 2.245724e-11
1.095385e-06 2.279596e-11
1.106298e-06 2.313906e-11
1.117320e-06 2.349050e-11
1.128451e-06 2.385380e-11
1.139694e-06 2.423031e-11
1.151048e-06 2.461864e-11
1.162516e-06 2.501554e-11
1.174097e-06 2.541858e-11
1.185794e-06 2.582924e-11
1.197608e-06 2.625438e-11
1.209540e-06 2.670352e-11
1.221590e-06 2.717467e-11
1.233760e-06 2.764613e-11
1.246052e-06 2.811450e-11
1.258466e-06 2.859341e-11
1.271004e-06 2.909523e-11
1.283666e-06 2.962049e-11
1.296455e-06 3.015803e-11
1.309371e-06 3.069740e-11
1.322416e-06 3.124615e-11
1.335591e-06 3.183440e-11
1.348897e-06 3.247371e-11
1.362336e-06 3.310362e-11
1.375908e-06 3.371381e-11
1.389616e-06 3.434935e-11
1.403460e-06 3.503265e-11
1.417443e-06 3.573705e-11
1.431564e-06 3.642750e-11
1.445826e-06 3.713426e-11
1.460231e-06 3.794687e-11
1.474779e-06 3.879052e-11
1.489471e-06 3.956010e-11
1.504310e-06 4.035953e-11
1.519297e-06 4.124946e-11
1.534434e-06 4.214151e-11
1.549721e-06 4.298424e-11
1.565160e-06 4.396772e-11
1.580753e-06 4.508360e-11
1.596502e-06 4.603059e-11
1.612408e-06 4.702929e-11
1.628471e-06 4.818077e-11
1.644695e-06 4.923577e-11
1.661081e-06 5.030754e-11
1.677630e-06 5.176208e-11
1.694344e-06 5.295343e-11
1.711224e-06 5.414509e-11
1.728272e-06 5.560771e-11
1.745491e-06 5.680899e-11
1.762880e-06 5.828292e-11
1.780443e-06 6.009527e-11
1.798181e-06 6.136536e-11
1.816096e-06 6.314489e-11
1.834189e-06 6.465821e-11
1.852463e-06 6.630669e-11
1.870918e-06 6.863606e-11
1.889558e-06 7.008752e-11
1.908383e-06 7.241507e-11
1.927396e-06 7.388268e-11
1.946598e-06 7.665311e-11
1.965991e-06 7.870470e-11
1.985578e-06 8.111923e-11
2.005359e-06 8.330674e-11
2.025338e-06 8.596667e-11
2.045516e-06 8.893156e-11
2.065895e-06 9.165037e-11
2.086477e-06 9.417289e-11
2.107264e-06 9.786016e-11
2.128258e-06 1.006471e-10
2.149461e-06 1.049584e-10
2.170875e-06 1.065125e-10
2.192503e-06 1.129569e-10
2.214346e-06 1.151196e-10
2.236407e-06 1.197299e-10
2.258688e-06 1.250516e-10
2.281191e-06 1.278681e-10
2.303917e-06 1.352318e-10
2.326871e-06 1.387381e-10
2.350052e-06 1.434492e-10
2.373465e-06 1.526919e-10
2.397111e-06 1.567558e-10
2.420993e-06 1.612500e-10
2.445113e-06 1.717782e-10
2.469473e-06 1.817604e-10
2.494075e-06 1.843180e-10
2.518923e-06 1.897776e-10
2.544018e-06 2.069953e-10
2.569364e-06 2.203429e-10
2.594961e-06 2.247491e-10
2.620814e-06 2.302655e-10
2.646925e-06 2.385589e-10
2.673295e-06 2.593203e-10
2.699928e-06 2.810098e-10
2.726827e-06 3.048527e-10
2.753994e-06 3.220926e-10
2.781431e-06 3.362545e-10
2.809141e-06 3.509190e-10
2.837128e-06 3.648839e-10
2.865393e-06 3.863470e-10
2.893941e-06 4.076981e-10
2.922772e-06 4.402881e-10
2.951891e-06 4.769396e-10
2.981300e-06 5.288001e-10
3.011001e-06 5.876894e-10
3.040999e-06 6.310974e-10
3.071296e-06 6.331030e-10
3.101894e-06 6.132253e-10
3.132797e-06 6.295439e-10
3.164008e-06 7.107082e-10
3.195530e-06 9.229491e-10
3.227367e-06 9.475930e-10
3.259520e-06 8.362886e-10
3.291993e-06 9.678341e-10
3.324791e-06 1.369389e-09
3.357915e-06 1.067385e-09
3.391368e-06 1.264348e-09
3.425156e-06 1.583297e-09
3.459279e-06 1.330026e-09
3.493743e-06 2.209454e-09
3.528550e-06 1.566497e-09
3.563704e-06 2.691286e-09
3.599208e-06 1.902183e-09
3.635066e-06 2.693838e-09
3.671281e-06 2.703299e-09
3.707857e-06 2.550816e-09
3.744797e-06 4.086204e-09
3.782106e-06 3.978958e-09
3.819786e-06 3.496032e-09
3.857841e-06 4.007191e-09
3.896276e-06 5.451568e-09
3.935093e-06 8.652250e-09
3.974297e-06 1.136131e-08
4.013892e-06 1.060408e-08
4.053881e-06 1.110672e-08
4.094269e-06 1.324585e-08
4.135059e-06 1.677314e-08
4.176255e-06 1.417080e-08
4.217862e-06 1.135931e-08
4.259883e-06 1.066753e-08
4.302323e-06 1.213725e-08
4.345186e-06 1.720445e-08
4.388476e-06 1.465726e-08
4.432197e-06 1.499299e-08
4.476353e-06 2.108791e-08
4.520950e-06 1.716580e-08
4.565991e-06 2.522060e-08
4.611480e-06 2.087880e-08
4.657423e-06 2.849806e-08
4.703824e-06 2.943816e-08
4.750687e-06 2.946461e-08
4.798016e-06 3.776228e-08
4.845817e-06 4.996482e-08
4.894095e-06 5.577539e-08
4.942853e-06 6.114991e-08
4.992097e-06 7.061901e-08
5.041832e-06 8.474699e-08
5.092062e-06 1.006578e-07
5.142793e-06 1.070651e-07
5.194029e-06 1.068946e-07
5.245776e-06 1.102805e-07
5.298038e-06 1.123371e-07
5.350821e-06 1.110498e-07
5.404129e-06 1.104084e-07
5.457969e-06 1.092964e-07
5.512345e-06 1.082565e-07
5.567263e-06 1.071905e-07
5.622728e-06 1.061330e-07
5.678746e-06 1.050866e-07
5.735321e-06 1.040502e-07
5.792460e-06 1.030238e-07
5.850169e-06 1.020076e-07
5.908453e-06 1.010014e-07
5.967317e-06 1.000051e-07
6.026767e-06 9.901862e-08
6.086810e-06 9.804187e-08
6.147451e-06 9.707476e-08
6.208696e-06 9.611719e-08
6.270552e-06 9.516907e-08
6.333023e-06 9.423030e-08
6.396117e-06 9.330079e-08
6.459840e-06 9.238045e-08
6.524198e-06 9.146919e-08
6.589196e-06 9.056692e-08
6.654842e-06 8.967355e-08
6.721143e-06 8.878899e-08
6.788103e-06 8.791316e-08
6.855731e-06 8.704596e-08
6.924033e-06 8.618733e-08
6.993015e-06 8.533716e-08
7.062684e-06 8.449538e-08
7.133048e-06 8.366190e-08
7.204112e-06 8.283664e-08
7.275884e-06 8.201953e-08
7.348372e-06 8.121048e-08
7.421582e-06 8.040940e-08
7.495521e-06 7.961623e-08
7.570196e-06 7.883089e-08
7.645616e-06 7.805329e-08
7.721787e-06 7.728336e-08
7.798717e-06 7.652103e-08
7.876413e-06 7.576621e-08
7.954883e-06 7.501885e-08
8.034135e-06 7.427885e-08
8.114177e-06 7.354616e-08
8.195016e-06 7.282069e-08
8.276661e-06 7.210238e-08
8.359119e-06 7.139116e-08
8.442398e-06 7.068695e-08
8.526507e-06 6.998969e-08
8.611454e-06 6.929930e-08
8.697247e-06 6.861573e-08
8.783896e-06 6.793890e-08
8.871407e-06 6.726875e-08
8.959790e-06 6.660521e-08
9.049054e-06 6.594821e-08
9.139207e-06 6.529770e-08
9.230258e-06 6.465360e-08
9.322216e-06 6.401586e-08
9.415091e-06 6.338441e-08
9.508890e-06 6.275918e-08
9.603625e-06 6.214013e-08
9.699303e-06 6.152718e-08
9.795934e-06 6.092028e-08
9.893528e-06 6.031936e-08
9.992094e-06 5.972438e-08
1.009164e-05 5.913526e-08
1.019218e-05 5.855195e-08
1.029372e-05 5.797440e-08
1.039628e-05 5.740255e-08
1.049985e-05 5.683634e-08
1.060446e-05 5.627571e-08
1.071011e-05 5.572061e-08
1.081681e-05 5.517099e-08
1.092457e-05 5.462679e-08
1.103341e-05 5.408796e-08
1.114334e-05 5.355445e-08
1.125435e-05 5.302620e-08
1.136648e-05 5.250316e-08
1.147972e-05 5.198528e-08
1.159409e-05 5.147251e-08
1.170960e-05 5.096480e-08
1.182625e-05 5.046209e-08
1.194408e-05 4.996435e-08
1.206307e-05 4.947151e-08
1.218325e-05 4.898354e-08
1.230463e-05 4.850038e-08
1.242722e-05 4.802199e-08
1.255103e-05 4.754832e-08
1.267607e-05 4.707932e-08
1.280236e-05 4.661494e-08
1.292990e-05 4.615515e-08
1.305872e-05 4.569990e-08
1.318882e-05 4.524913e-08
1.332022e-05 4.480281e-08
1.345292e-05 4.436090e-08
1.358695e-05 4.392334e-08
1.372231e-05 4.349011e-08
1.385902e-05 4.306114e-08
1.399710e-05 4.263641e-08
1.413654e-05 4.221587e-08
1.427738e-05 4.179947e-08
1.441962e-05 4.138719e-08
1.456328e-05 4.097897e-08
1.470837e-05 4.057478e-08
1.485491e-05 4.017457e-08
1.500290e-05 3.977832e-08
1.515237e-05 3.938597e-08
1.530333e-05 3.899750e-08
1.545579e-05 3.861286e-08
1.560977e-05 3.823201e-08
1.576529e-05 3.785492e-08
1.592235e-05 3.748155e-08
1.608098e-05 3.711186e-08
1.624119e-05 3.674582e-08
1.640300e-05 3.638339e-08
1.656642e-05 3.602454e-08
1.673146e-05 3.566923e-08
1.689816e-05 3.531742e-08
1.706651e-05 3.496908e-08
1.723654e-05 3.462418e-08
1.740826e-05 3.428269e-08
1.758169e-05 3.394456e-08
1.775685e-05 3.360977e-08
1.793376e-05 3.327828e-08
1.811243e-05 3.295006e-08
1.829288e-05 3.262508e-08
1.847512e-05 3.230331e-08
1.865918e-05 3.198471e-08
1.884508e-05 3.166925e-08
1.903283e-05 3.135691e-08
1.922245e-05 3.104765e-08
1.941395e-05 3.074144e-08
1.960737e-05 3.043825e-08
1.980271e-05 3.013805e-08
2.000000e-05 2.984081e-08
