# sqrt(Delta_m21^2) [eV]    g_IAXO [GeV^-1]    (varphi = pi/4, w_res = 0.4 MeV, gaN = 6e-10)
1.000000e-09 9.916614e-10
1.005318e-09 9.793689e-10
1.010664e-09 9.672462e-10
1.016038e-09 9.552910e-10
1.021441e-09 9.435012e-10
1.026873e-09 9.318749e-10
1.032333e-09 9.204099e-10
1.037823e-09 9.091042e-10
1.043342e-09 8.979557e-10
1.048890e-09 8.869624e-10
1.054468e-09 8.761223e-10
1.060075e-09 8.654333e-10
1.065712e-09 8.548933e-10
1.071380e-09 8.445004e-10
1.077077e-09 8.342524e-10
1.082804e-09 8.241474e-10
1.088562e-09 8.141832e-10
1.094351e-09 8.043578e-10
1.100171e-09 7.946691e-10
1.106021e-09 7.851152e-10
1.111902e-09 7.756939e-10
1.117815e-09 7.664033e-10
1.123759e-09 7.572413e-10
1.129735e-09 7.482059e-10
1.135743e-09 7.392952e-10
1.141782e-09 7.305071e-10
1.147854e-09 7.218398e-10
1.153958e-09 7.132913e-10
1.160094e-09 7.048597e-10
1.166263e-09 6.965431e-10
1.172465e-09 6.883396e-10
1.178700e-09 6.802475e-10
1.184968e-09 6.722649e-10
1.191269e-09 6.643901e-10
1.197604e-09 6.566213e-10
1.203973e-09 6.489570e-10
1.210375e-09 6.413955e-10
1.216812e-09 6.339351e-10
1.223282e-09 6.265743e-10
1.229787e-09 6.193117e-10
1.236327e-09 6.121456e-10
1.242901e-09 6.050747e-10
1.249511e-09 5.980974e-10
1.256155e-09 5.912125e-10
1.262835e-09 5.844184e-10
1.269551e-09 5.777139e-10
1.276302e-09 5.710977e-10
1.283089e-09 5.645685e-10
1.289912e-09 5.581250e-10
1.296771e-09 5.517660e-10
1.303667e-09 5.454904e-10
1.310600e-09 5.392970e-10
1.317569e-09 5.331846e-10
1.324575e-09 5.271522e-10
1.331619e-09 5.211986e-10
1.338700e-09 5.153228e-10
1.345819e-09 5.095236e-10
1.352976e-09 5.038000e-10
1.360170e-09 4.981510e-10
1.367403e-09 4.925756e-10
1.374675e-09 4.870728e-10
1.381985e-09 4.816416e-10
1.389334e-09 4.762811e-10
1.396722e-09 4.709904e-10
1.404149e-09 4.657684e-10
1.411616e-09 4.606143e-10
1.419123e-09 4.555271e-10
1.426669e-09 4.505059e-10
1.434256e-09 4.455498e-10
1.441883e-09 4.406580e-10
1.449550e-09 4.358295e-10
1.457259e-09 4.310636e-10
1.465008e-09 4.263592e-10
1.472798e-09 4.217158e-10
1.480630e-09 4.171322e-10
1.488504e-09 4.126078e-10
1.496419e-09 4.081418e-10
1.504377e-09 4.037331e-10
1.512377e-09 3.993812e-10
1.520419e-09 3.950851e-10
1.528504e-09 3.908442e-10
1.536632e-09 3.866576e-10
1.544804e-09 3.825246e-10
1.553019e-09 3.784444e-10
1.561277e-09 3.744163e-10
1.569580e-09 3.704395e-10
1.577926e-09 3.665134e-10
1.586317e-09 3.626373e-10
1.594753e-09 3.588104e-10
1.603233e-09 3.550322e-10
1.611759e-09 3.513018e-10
1.620329e-09 3.476189e-10
1.628946e-09 3.439826e-10
1.637608e-09 3.403923e-10
1.646317e-09 3.368475e-10
1.655071e-09 3.333476e-10
1.663872e-09 3.298920e-10
1.672720e-09 3.264801e-10
1.681615e-09 3.231114e-10
1.690558e-09 3.197853e-10
1.699548e-09 3.165013e-10
1.708585e-09 3.132589e-10
1.717671e-09 3.100575e-10
1.726805e-09 3.068966e-10
1.735988e-09 3.037758e-10
1.745219e-09 3.006944e-10
1.754500e-09 2.976521e-10
1.763830e-09 2.946482e-10
1.773209e-09 2.916823e-10
1.782639e-09 2.887539e-10
1.792118e-09 2.858625e-10
1.801648e-09 2.830076e-10
1.811229e-09 2.801887e-10
1.820860e-09 2.774054e-10
1.830543e-09 2.746572e-10
1.840278e-09 2.719435e-10
1.850064e-09 2.692640e-10
1.859902e-09 2.666182e-10
1.869792e-09 2.640057e-10
1.879735e-09 2.614259e-10
1.889731e-09 2.588785e-10
1.899780e-09 2.563631e-10
1.909883e-09 2.538792e-10
1.920039e-09 2.514264e-10
1.930249e-09 2.490044e-10
1.940513e-09 2.466127e-10
1.950833e-09 2.442509e-10
1.961207e-09 2.419188e-10
1.971636e-09 2.396159e-10
1.982120e-09 2.373419e-10
1.992661e-09 2.350964e-10
2.003257e-09 2.328790e-10
2.013910e-09 2.306895e-10
2.024619e-09 2.285275e-10
2.035385e-09 2.263926e-10
2.046209e-09 2.242845e-10
2.057090e-09 2.222029e-10
2.068029e-09 2.201474e-10
2.079026e-09 2.181177e-10
2.090082e-09 2.161136e-10
2.101196e-09 2.141346e-10
2.112370e-09 2.121804e-10
2.123603e-09 2.102508e-10
2.134896e-09 2.083454e-10
2.146248e-09 2.064640e-10
2.157662e-09 2.046061e-10
2.169135e-09 2.027716e-10
2.180670e-09 2.009600e-10
2.192266e-09 1.991712e-10
2.203924e-09 1.974049e-10
2.215644e-09 1.956607e-10
2.227426e-09 1.939384e-10
2.239271e-09 1.922377e-10
2.251179e-09 1.905584e-10
2.263150e-09 1.889002e-10
2.275185e-09 1.872628e-10
2.287284e-09 1.856460e-10
2.299447e-09 1.840496e-10
2.311674e-09 1.824733e-10
2.323967e-09 1.809168e-10
2.336325e-09 1.793800e-10
2.348749e-09 1.778625e-10
2.361239e-09 1.763642e-10
2.373796e-09 1.748849e-10
2.386419e-09 1.734242e-10
2.399109e-09 1.719820e-10
2.411867e-09 1.705580e-10
2.424692e-09 1.691521e-10
2.437586e-09 1.677640e-10
2.450549e-09 1.663935e-10
2.463580e-09 1.650404e-10
2.476681e-09 1.637044e-10
2.489851e-09 1.623855e-10
2.503091e-09 1.610833e-10
2.516402e-09 1.597976e-10
2.529783e-09 1.585284e-10
2.543236e-09 1.572753e-10
2.556760e-09 1.560382e-10
2.570356e-09 1.548169e-10
2.584025e-09 1.536112e-10
2.597766e-09 1.524210e-10
2.611580e-09 1.512460e-10
2.625468e-09 1.500861e-10
2.639429e-09 1.489411e-10
2.653465e-09 1.478108e-10
2.667575e-09 1.466951e-10
2.681761e-09 1.455939e-10
2.696021e-09 1.445069e-10
2.710358e-09 1.434340e-10
2.724771e-09 1.423750e-10
2.739260e-09 1.413297e-10
2.753827e-09 1.402981e-10
2.768471e-09 1.392800e-10
2.783193e-09 1.382752e-10
2.797993e-09 1.372835e-10
2.812872e-09 1.363049e-10
2.827830e-09 1.353391e-10
2.842868e-09 1.343861e-10
2.857985e-09 1.334456e-10
2.873183e-09 1.325176e-10
2.888462e-09 1.316019e-10
2.903822e-09 1.306984e-10
2.919264e-09 1.298069e-10
2.934788e-09 1.289274e-10
2.950394e-09 1.280597e-10
2.966083e-09 1.272036e-10
2.981856e-09 1.263591e-10
2.997713e-09 1.255260e-10
3.013654e-09 1.247043e-10
3.029679e-09 1.238938e-10
3.045790e-09 1.230943e-10
3.061987e-09 1.223058e-10
3.078270e-09 1.215282e-10
3.094639e-09 1.207613e-10
3.111095e-09 1.200051e-10
3.127639e-09 1.192593e-10
3.144271e-09 1.185240e-10
3.160992e-09 1.177991e-10
3.177801e-09 1.170843e-10
3.194699e-09 1.163796e-10
3.211688e-09 1.156850e-10
3.228767e-09 1.150003e-10
3.245936e-09 1.143254e-10
3.263197e-09 1.136603e-10
3.280550e-09 1.130048e-10
3.297995e-09 1.123588e-10
3.315533e-09 1.117223e-10
3.333164e-09 1.110952e-10
3.350889e-09 1.104774e-10
3.368708e-09 1.098688e-10
3.386622e-09 1.092693e-10
3.404631e-09 1.086789e-10
3.422735e-09 1.080974e-10
3.440937e-09 1.075248e-10
3.459234e-09 1.069610e-10
3.477630e-09 1.064059e-10
3.496123e-09 1.058594e-10
3.514714e-09 1.053216e-10
3.533404e-09 1.047922e-10
3.552194e-09 1.042713e-10
3.571083e-09 1.037587e-10
3.590073e-09 1.032545e-10
3.609164e-09 1.027585e-10
3.628357e-09 1.022706e-10
3.647651e-09 1.017908e-10
3.667049e-09 1.013191e-10
3.686549e-09 1.008554e-10
3.706153e-09 1.003996e-10
3.725861e-09 9.995159e-11
3.745674e-09 9.951142e-11
3.765593e-09 9.907899e-11
3.785617e-09 9.865425e-11
3.805748e-09 9.823714e-11
3.825986e-09 9.782760e-11
3.846331e-09 9.742559e-11
3.866785e-09 9.703106e-11
3.887347e-09 9.664395e-11
3.908019e-09 9.626421e-11
3.928801e-09 9.589181e-11
3.949693e-09 9.552669e-11
3.970696e-09 9.516881e-11
3.991811e-09 9.481811e-11
4.013039e-09 9.447458e-11
4.034379e-09 9.413814e-11
4.055832e-09 9.380878e-11
4.077400e-09 9.348643e-11
4.099083e-09 9.317108e-11
4.120880e-09 9.286267e-11
4.142794e-09 9.256117e-11
4.164824e-09 9.226655e-11
4.186971e-09 9.197876e-11
4.209237e-09 9.169778e-11
4.231620e-09 9.142357e-11
4.254123e-09 9.115609e-11
4.276745e-09 9.089532e-11
4.299487e-09 9.064122e-11
4.322351e-09 9.039377e-11
4.345336e-09 9.015293e-11
4.368443e-09 8.991867e-11
4.391673e-09 8.969097e-11
4.415027e-09 8.946979e-11
4.438505e-09 8.925512e-11
4.462107e-09 8.904691e-11
4.485835e-09 8.884515e-11
4.509690e-09 8.864981e-11
4.533671e-09 8.846086e-11
4.557780e-09 8.827827e-11
4.582017e-09 8.810203e-11
4.606383e-09 8.793210e-11
4.630878e-09 8.776847e-11
4.655504e-09 8.761110e-11
4.680260e-09 8.745997e-11
4.705148e-09 8.731504e-11
4.730169e-09 8.717631e-11
4.755323e-09 8.704373e-11
4.780610e-09 8.691729e-11
4.806032e-09 8.679695e-11
4.831589e-09 8.668268e-11
4.857282e-09 8.657446e-11
4.883112e-09 8.647224e-11
4.909079e-09 8.637601e-11
4.935184e-09 8.628572e-11
4.961428e-09 8.620134e-11
4.987811e-09 8.612284e-11
5.014335e-09 8.605016e-11
5.041000e-09 8.598326e-11
5.067806e-09 8.592212e-11
5.094755e-09 8.586666e-11
5.121848e-09 8.581685e-11
5.149084e-09 8.577263e-11
5.176466e-09 8.573394e-11
5.203993e-09 8.570071e-11
5.231666e-09 8.567288e-11
5.259486e-09 8.565038e-11
5.287455e-09 8.563314e-11
5.315572e-09 8.562106e-11
5.343839e-09 8.561405e-11
5.372256e-09 8.561204e-11
5.400824e-09 8.561491e-11
5.429544e-09 8.562254e-11
5.458416e-09 8.563483e-11
5.487443e-09 8.565166e-11
5.516623e-09 8.567288e-11
5.545959e-09 8.569835e-11
5.575451e-09 8.572792e-11
5.605100e-09 8.576142e-11
5.634906e-09 8.579867e-11
5.664871e-09 8.583950e-11
5.694995e-09 8.588370e-11
5.725279e-09 8.593104e-11
5.755725e-09 8.598133e-11
5.786332e-09 8.603430e-11
5.817102e-09 8.608970e-11
5.848035e-09 8.614726e-11
5.879134e-09 8.620670e-11
5.910397e-09 8.626770e-11
5.941827e-09 8.632995e-11
5.973424e-09 8.639311e-11
6.005189e-09 8.645683e-11
6.037123e-09 8.652072e-11
6.069226e-09 8.658440e-11
6.101501e-09 8.664744e-11
6.133947e-09 8.670943e-11
6.166565e-09 8.676990e-11
6.199357e-09 8.682840e-11
6.232324e-09 8.688442e-11
6.265465e-09 8.693748e-11
6.298783e-09 8.698704e-11
6.332278e-09 8.703256e-11
6.365952e-09 8.707350e-11
6.399804e-09 8.710928e-11
6.433836e-09 8.713932e-11
6.468049e-09 8.716303e-11
6.502445e-09 8.717982e-11
6.537023e-09 8.718908e-11
6.571785e-09 8.719019e-11
6.606732e-09 8.718256e-11
6.641864e-09 8.716557e-11
6.677184e-09 8.713863e-11
6.712691e-09 8.710116e-11
6.748387e-09 8.705257e-11
6.784273e-09 8.699233e-11
6.820350e-09 8.691991e-11
6.856619e-09 8.683482e-11
6.893080e-09 8.673659e-11
6.929736e-09 8.662482e-11
6.966586e-09 8.649914e-11
7.003632e-09 8.635926e-11
7.040876e-09 8.620491e-11
7.078317e-09 8.603595e-11
7.115957e-09 8.585226e-11
7.153798e-09 8.565386e-11
7.191840e-09 8.544082e-11
7.230084e-09 8.521337e-11
7.268531e-09 8.497182e-11
7.307183e-09 8.471664e-11
7.346041e-09 8.444849e-11
7.385105e-09 8.416824e-11
7.424377e-09 8.387703e-11
7.463857e-09 8.357615e-11
7.503548e-09 8.326703e-11
7.543450e-09 8.295113e-11
7.583564e-09 8.262993e-11
7.623891e-09 8.230490e-11
7.664432e-09 8.197749e-11
7.705190e-09 8.164913e-11
7.746164e-09 8.132116e-11
7.787355e-09 8.099488e-11
7.828766e-09 8.067155e-11
7.870397e-09 8.035232e-11
7.912250e-09 8.003829e-11
7.954325e-09 7.973047e-11
7.996624e-09 7.942979e-11
8.039148e-09 7.913711e-11
8.081897e-09 7.885319e-11
8.124875e-09 7.857874e-11
8.168080e-09 7.831436e-11
8.211516e-09 7.806059e-11
8.255182e-09 7.781788e-11
8.299081e-09 7.758663e-11
8.343213e-09 7.736713e-11
8.387580e-09 7.715964e-11
8.432183e-09 7.696433e-11
8.477022e-09 7.678129e-11
8.522101e-09 7.661059e-11
8.567419e-09 7.645218e-11
8.612978e-09 7.630601e-11
8.658779e-09 7.617193e-11
8.704824e-09 7.604974e-11
8.751114e-09 7.593920e-11
8.797650e-09 7.584003e-11
8.844433e-09 7.575186e-11
8.891465e-09 7.567431e-11
8.938747e-09 7.560695e-11
8.986281e-09 7.554929e-11
9.034068e-09 7.550083e-11
9.082108e-09 7.546101e-11
9.130404e-09 7.542926e-11
9.178957e-09 7.540498e-11
9.227768e-09 7.538753e-11
9.276839e-09 7.537628e-11
9.326170e-09 7.537055e-11
9.375764e-09 7.536970e-11
9.425622e-09 7.537306e-11
9.475744e-09 7.537997e-11
9.526134e-09 7.538977e-11
9.576791e-09 7.540186e-11
9.627717e-09 7.541561e-11
9.678915e-09 7.543048e-11
9.730384e-09 7.544593e-11
9.782128e-09 7.546148e-11
9.834146e-09 7.547672e-11
9.886441e-09 7.549127e-11
9.939015e-09 7.550485e-11
9.991867e-09 7.551723e-11
1.004500e-08 7.552828e-11
1.009842e-08 7.553792e-11
1.015212e-08 7.554620e-11
1.020610e-08 7.555322e-11
1.026038e-08 7.555920e-11
1.031494e-08 7.556440e-11
1.036979e-08 7.556924e-11
1.042493e-08 7.557416e-11
1.048037e-08 7.557972e-11
1.053610e-08 7.558654e-11
1.059213e-08 7.559531e-11
1.064846e-08 7.560680e-11
1.070508e-08 7.562183e-11
1.076201e-08 7.564124e-11
1.081924e-08 7.566594e-11
1.087677e-08 7.569686e-11
1.093461e-08 7.573492e-11
1.099276e-08 7.578104e-11
1.105121e-08 7.583618e-11
1.110998e-08 7.590118e-11
1.116906e-08 7.597692e-11
1.122845e-08 7.606418e-11
1.128816e-08 7.616365e-11
1.134819e-08 7.627595e-11
1.140854e-08 7.640158e-11
1.146921e-08 7.654088e-11
1.153020e-08 7.669408e-11
1.159151e-08 7.686119e-11
1.165315e-08 7.704205e-11
1.171512e-08 7.723626e-11
1.177742e-08 7.744318e-11
1.184004e-08 7.766192e-11
1.190301e-08 7.789129e-11
1.196630e-08 7.812983e-11
1.202994e-08 7.837573e-11
1.209391e-08 7.862689e-11
1.215822e-08 7.888088e-11
1.222287e-08 7.913500e-11
1.228787e-08 7.938625e-11
1.235321e-08 7.963141e-11
1.241891e-08 7.986714e-11
1.248495e-08 8.009000e-11
1.255134e-08 8.029666e-11
1.261808e-08 8.048405e-11
1.268518e-08 8.064965e-11
1.275264e-08 8.079195e-11
1.282045e-08 8.091090e-11
1.288863e-08 8.100813e-11
1.295717e-08 8.108621e-11
1.302607e-08 8.114828e-11
1.309534e-08 8.119764e-11
1.316497e-08 8.123764e-11
1.323498e-08 8.127152e-11
1.330536e-08 8.130225e-11
1.337612e-08 8.133252e-11
1.344725e-08 8.136461e-11
1.351875e-08 8.140035e-11
1.359064e-08 8.144116e-11
1.366291e-08 8.148797e-11
1.373557e-08 8.154124e-11
1.380861e-08 8.160103e-11
1.388204e-08 8.166696e-11
1.395586e-08 8.173833e-11
1.403008e-08 8.181412e-11
1.410468e-08 8.189311e-11
1.417969e-08 8.197394e-11
1.425509e-08 8.205516e-11
1.433090e-08 8.213537e-11
1.440710e-08 8.221326e-11
1.448372e-08 8.228775e-11
1.456074e-08 8.235799e-11
1.463817e-08 8.242345e-11
1.471601e-08 8.248402e-11
1.479426e-08 8.253994e-11
1.487293e-08 8.259186e-11
1.495202e-08 8.264081e-11
1.503153e-08 8.268816e-11
1.511147e-08 8.273549e-11
1.519183e-08 8.278457e-11
1.527261e-08 8.283719e-11
1.535383e-08 8.289503e-11
1.543547e-08 8.295957e-11
1.551756e-08 8.303184e-11
1.560007e-08 8.311234e-11
1.568303e-08 8.320092e-11
1.576643e-08 8.329658e-11
1.585027e-08 8.339745e-11
1.593456e-08 8.350071e-11
1.601929e-08 8.360266e-11
1.610448e-08 8.369878e-11
1.619012e-08 8.378405e-11
1.627621e-08 8.385330e-11
1.636276e-08 8.390193e-11
1.644978e-08 8.392714e-11
1.653725e-08 8.392948e-11
1.662519e-08 8.391324e-11
1.671360e-08 8.388486e-11
1.680248e-08 8.385112e-11
1.689183e-08 8.381822e-11
1.698165e-08 8.379122e-11
1.707196e-08 8.377389e-11
1.716274e-08 8.376855e-11
1.725401e-08 8.377612e-11
1.734576e-08 8.379621e-11
1.743800e-08 8.382743e-11
1.753073e-08 8.386761e-11
1.762395e-08 8.391414e-11
1.771767e-08 8.396435e-11
1.781189e-08 8.401581e-11
1.790661e-08 8.406667e-11
1.800183e-08 8.411590e-11
1.809756e-08 8.416341e-11
1.819380e-08 8.421008e-11
1.829055e-08 8.425771e-11
1.838781e-08 8.430873e-11
1.848559e-08 8.436588e-11
1.858389e-08 8.443176e-11
1.868272e-08 8.450840e-11
1.878206e-08 8.459664e-11
1.888194e-08 8.469584e-11
1.898235e-08 8.480342e-11
1.908329e-08 8.491475e-11
1.918477e-08 8.502342e-11
1.928679e-08 8.512181e-11
1.938935e-08 8.520256e-11
1.949246e-08 8.526138e-11
1.959612e-08 8.530002e-11
1.970032e-08 8.532591e-11
1.980508e-08 8.534835e-11
1.991040e-08 8.537548e-11
2.001628e-08 8.541296e-11
2.012272e-08 8.546362e-11
2.022973e-08 8.552763e-11
2.033730e-08 8.560293e-11
2.044545e-08 8.568610e-11
2.055417e-08 8.577318e-11
2.066347e-08 8.586066e-11
2.077336e-08 8.594625e-11
2.088382e-08 8.602935e-11
2.099488e-08 8.611128e-11
2.110652e-08 8.619490e-11
2.121876e-08 8.628405e-11
2.133160e-08 8.638237e-11
2.144503e-08 8.649229e-11
2.155907e-08 8.661371e-11
2.167371e-08 8.674324e-11
2.178897e-08 8.687388e-11
2.190484e-08 8.699579e-11
2.202132e-08 8.709917e-11
2.213842e-08 8.717946e-11
2.225615e-08 8.724156e-11
2.237450e-08 8.729687e-11
2.249348e-08 8.735652e-11
2.261309e-08 8.742755e-11
2.273334e-08 8.751218e-11
2.285423e-08 8.760847e-11
2.297577e-08 8.771190e-11
2.309794e-08 8.781738e-11
2.322077e-08 8.792105e-11
2.334425e-08 8.802167e-11
2.346839e-08 8.812106e-11
2.359319e-08 8.822341e-11
2.371865e-08 8.833375e-11
2.384478e-08 8.845560e-11
2.397158e-08 8.858867e-11
2.409905e-08 8.872724e-11
2.422721e-08 8.886038e-11
2.435604e-08 8.897568e-11
2.448556e-08 8.906753e-11
2.461576e-08 8.914299e-11
2.474666e-08 8.921642e-11
2.487826e-08 8.929931e-11
2.501056e-08 8.939600e-11
2.514355e-08 8.950426e-11
2.527726e-08 8.961823e-11
2.541168e-08 8.973203e-11
2.554681e-08 8.984278e-11
2.568266e-08 8.995205e-11
2.581923e-08 9.006510e-11
2.595653e-08 9.018775e-11
2.609456e-08 9.032249e-11
2.623332e-08 9.046475e-11
2.637283e-08 9.060234e-11
2.651307e-08 9.072126e-11
2.665406e-08 9.081777e-11
2.679580e-08 9.090357e-11
2.693829e-08 9.099468e-11
2.708154e-08 9.109936e-11
2.722555e-08 9.121616e-11
2.737033e-08 9.133816e-11
2.751588e-08 9.145894e-11
2.766220e-08 9.157714e-11
2.780930e-08 9.169720e-11
2.795718e-08 9.182611e-11
2.810585e-08 9.196705e-11
2.825530e-08 9.211397e-11
2.840556e-08 9.225179e-11
2.855661e-08 9.236822e-11
2.870847e-08 9.246816e-11
2.886113e-08 9.256917e-11
2.901461e-08 9.268305e-11
2.916890e-08 9.280904e-11
2.932401e-08 9.293922e-11
2.947994e-08 9.306743e-11
2.963671e-08 9.319492e-11
2.979431e-08 9.332880e-11
2.995275e-08 9.347443e-11
3.011203e-08 9.362665e-11
3.027215e-08 9.376932e-11
3.043313e-08 9.389127e-11
3.059497e-08 9.400176e-11
3.075766e-08 9.411907e-11
3.092122e-08 9.424996e-11
3.108565e-08 9.438791e-11
3.125096e-08 9.452512e-11
3.141714e-08 9.466169e-11
3.158421e-08 9.480518e-11
3.175216e-08 9.495990e-11
3.192101e-08 9.511642e-11
3.209076e-08 9.525769e-11
3.226141e-08 9.538198e-11
3.243297e-08 9.550675e-11
3.260543e-08 9.564421e-11
3.277882e-08 9.578993e-11
3.295313e-08 9.593546e-11
3.312836e-08 9.608136e-11
3.330453e-08 9.623566e-11
3.348164e-08 9.639891e-11
3.365968e-08 9.655629e-11
3.383867e-08 9.669603e-11
3.401862e-08 9.682939e-11
3.419952e-08 9.697299e-11
3.438138e-08 9.712600e-11
3.456421e-08 9.727968e-11
3.474801e-08 9.743453e-11
3.493279e-08 9.759828e-11
3.511856e-08 9.776755e-11
3.530531e-08 9.792590e-11
3.549305e-08 9.807029e-11
3.568179e-08 9.821793e-11
3.587154e-08 9.837651e-11
3.606229e-08 9.853827e-11
3.625406e-08 9.870082e-11
3.644685e-08 9.887115e-11
3.664066e-08 9.904625e-11
3.683551e-08 9.921044e-11
3.703139e-08 9.936396e-11
3.722831e-08 9.952354e-11
3.742628e-08 9.969186e-11
3.762530e-08 9.986149e-11
3.782538e-08 1.000354e-10
3.802653e-08 1.002165e-10
3.822874e-08 1.003923e-10
3.843203e-08 1.005563e-10
3.863640e-08 1.007233e-10
3.884186e-08 1.008988e-10
3.904841e-08 1.010765e-10
3.925606e-08 1.012589e-10
3.946481e-08 1.014467e-10
3.967467e-08 1.016270e-10
3.988565e-08 1.017997e-10
4.009775e-08 1.019786e-10
4.031098e-08 1.021634e-10
4.052534e-08 1.023509e-10
4.074084e-08 1.025445e-10
4.095749e-08 1.027358e-10
4.117529e-08 1.029184e-10
4.139425e-08 1.031041e-10
4.161437e-08 1.032964e-10
4.183566e-08 1.034918e-10
4.205813e-08 1.036926e-10
4.228179e-08 1.038908e-10
4.250663e-08 1.040823e-10
4.273267e-08 1.042781e-10
4.295991e-08 1.044794e-10
4.318836e-08 1.046846e-10
4.341802e-08 1.048931e-10
4.364890e-08 1.050962e-10
4.388101e-08 1.052979e-10
4.411436e-08 1.055056e-10
4.434895e-08 1.057175e-10
4.458478e-08 1.059335e-10
4.482187e-08 1.061468e-10
4.506022e-08 1.063571e-10
4.529984e-08 1.065725e-10
4.554073e-08 1.067926e-10
4.578290e-08 1.070164e-10
4.602636e-08 1.072383e-10
4.627112e-08 1.074581e-10
4.651717e-08 1.076830e-10
4.676454e-08 1.079125e-10
4.701322e-08 1.081448e-10
4.726322e-08 1.083745e-10
4.751455e-08 1.086049e-10
4.776722e-08 1.088406e-10
4.802124e-08 1.090805e-10
4.827660e-08 1.093208e-10
4.853332e-08 1.095594e-10
4.879141e-08 1.098022e-10
4.905086e-08 1.100498e-10
4.931170e-08 1.102994e-10
4.957393e-08 1.105478e-10
4.983755e-08 1.107988e-10
5.010257e-08 1.110549e-10
5.036900e-08 1.113136e-10
5.063685e-08 1.115719e-10
5.090612e-08 1.118324e-10
5.117682e-08 1.120979e-10
5.144897e-08 1.123662e-10
5.172256e-08 1.126343e-10
5.199760e-08 1.129054e-10
5.227411e-08 1.131812e-10
5.255209e-08 1.134593e-10
5.283155e-08 1.137378e-10
5.311249e-08 1.140204e-10
5.339493e-08 1.143072e-10
5.367887e-08 1.145955e-10
5.396431e-08 1.148857e-10
5.425128e-08 1.151805e-10
5.453977e-08 1.154785e-10
5.482980e-08 1.157779e-10
5.512137e-08 1.160812e-10
5.541449e-08 1.163886e-10
5.570917e-08 1.166981e-10
5.600541e-08 1.170105e-10
5.630323e-08 1.173274e-10
5.660264e-08 1.176472e-10
5.690363e-08 1.179696e-10
5.720623e-08 1.182965e-10
5.751044e-08 1.186268e-10
5.781626e-08 1.189598e-10
5.812371e-08 1.192974e-10
5.843280e-08 1.196386e-10
5.874352e-08 1.199828e-10
5.905591e-08 1.203316e-10
5.936995e-08 1.206842e-10
5.968566e-08 1.210402e-10
6.000305e-08 1.214008e-10
6.032213e-08 1.217653e-10
6.064290e-08 1.221336e-10
6.096539e-08 1.225066e-10
6.128958e-08 1.228835e-10
6.161550e-08 1.232646e-10
6.194316e-08 1.236506e-10
6.227255e-08 1.240405e-10
6.260370e-08 1.244352e-10
6.293661e-08 1.248345e-10
6.327129e-08 1.252384e-10
6.360774e-08 1.256472e-10
6.394599e-08 1.260606e-10
6.428604e-08 1.264790e-10
6.462789e-08 1.269023e-10
6.497157e-08 1.273306e-10
6.531707e-08 1.277642e-10
6.566440e-08 1.282027e-10
6.601359e-08 1.286466e-10
6.636463e-08 1.290958e-10
6.671754e-08 1.295504e-10
6.707232e-08 1.300105e-10
6.742899e-08 1.304761e-10
6.778756e-08 1.309475e-10
6.814803e-08 1.314246e-10
6.851043e-08 1.319074e-10
6.887474e-08 1.323962e-10
6.924100e-08 1.328909e-10
6.960920e-08 1.333916e-10
6.997936e-08 1.338984e-10
7.035149e-08 1.344115e-10
7.072560e-08 1.349309e-10
7.110170e-08 1.354566e-10
7.147980e-08 1.359889e-10
7.185991e-08 1.365277e-10
7.224204e-08 1.370732e-10
7.262620e-08 1.376254e-10
7.301241e-08 1.381844e-10
7.340067e-08 1.387504e-10
7.379099e-08 1.393233e-10
7.418339e-08 1.399034e-10
7.457787e-08 1.404907e-10
7.497446e-08 1.410853e-10
7.537315e-08 1.416873e-10
7.577396e-08 1.422968e-10
7.617691e-08 1.429138e-10
7.658199e-08 1.435386e-10
7.698923e-08 1.441710e-10
7.739864e-08 1.448114e-10
7.781022e-08 1.454598e-10
7.822400e-08 1.461161e-10
7.863997e-08 1.467808e-10
7.905815e-08 1.474537e-10
7.947856e-08 1.481351e-10
7.990121e-08 1.488250e-10
8.032610e-08 1.495235e-10
8.075325e-08 1.502305e-10
8.118267e-08 1.509466e-10
8.161438e-08 1.516716e-10
8.204838e-08 1.524057e-10
8.248469e-08 1.531490e-10
8.292332e-08 1.539015e-10
8.336428e-08 1.546634e-10
8.380759e-08 1.554348e-10
8.425325e-08 1.562160e-10
8.470128e-08 1.570070e-10
8.515170e-08 1.578078e-10
8.560451e-08 1.586187e-10
8.605973e-08 1.594398e-10
8.651737e-08 1.602711e-10
8.697745e-08 1.611130e-10
8.743997e-08 1.619654e-10
8.790495e-08 1.628285e-10
8.837240e-08 1.637026e-10
8.884234e-08 1.645876e-10
8.931478e-08 1.654838e-10
8.978973e-08 1.663912e-10
9.026721e-08 1.673101e-10
9.074722e-08 1.682407e-10
9.122979e-08 1.691828e-10
9.171492e-08 1.701372e-10
9.220263e-08 1.711034e-10
9.269294e-08 1.720819e-10
9.318586e-08 1.730728e-10
9.368139e-08 1.740764e-10
9.417956e-08 1.750927e-10
9.468038e-08 1.761219e-10
9.518386e-08 1.771643e-10
9.569002e-08 1.782199e-10
9.619888e-08 1.792891e-10
9.671043e-08 1.803718e-10
9.722471e-08 1.814685e-10
9.774172e-08 1.825792e-10
9.826149e-08 1.837042e-10
9.878401e-08 1.848435e-10
9.930932e-08 1.859977e-10
9.983742e-08 1.871669e-10
1.003683e-07 1.883510e-10
1.009021e-07 1.895503e-10
1.014386e-07 1.907654e-10
1.019780e-07 1.919961e-10
1.025203e-07 1.932428e-10
1.030655e-07 1.945058e-10
1.036136e-07 1.957852e-10
1.041646e-07 1.970813e-10
1.047185e-07 1.983947e-10
1.052753e-07 1.997250e-10
1.058352e-07 2.010729e-10
1.063980e-07 2.024382e-10
1.069638e-07 2.038219e-10
1.075326e-07 2.052238e-10
1.081044e-07 2.066442e-10
1.086793e-07 2.080833e-10
1.092572e-07 2.095419e-10
1.098382e-07 2.110198e-10
1.104223e-07 2.125173e-10
1.110095e-07 2.140347e-10
1.115998e-07 2.155727e-10
1.121932e-07 2.171313e-10
1.127898e-07 2.187108e-10
1.133896e-07 2.203115e-10
1.139926e-07 2.219341e-10
1.145988e-07 2.235786e-10
1.152082e-07 2.252453e-10
1.158208e-07 2.269348e-10
1.164367e-07 2.286472e-10
1.170559e-07 2.303831e-10
1.176784e-07 2.321428e-10
1.183042e-07 2.339267e-10
1.189333e-07 2.357351e-10
1.195657e-07 2.375685e-10
1.202015e-07 2.394271e-10
1.208407e-07 2.413117e-10
1.214833e-07 2.432223e-10
1.221293e-07 2.451594e-10
1.227788e-07 2.471240e-10
1.234317e-07 2.491159e-10
1.240881e-07 2.511357e-10
1.247479e-07 2.531842e-10
1.254113e-07 2.552612e-10
1.260782e-07 2.573678e-10
1.267486e-07 2.595039e-10
1.274227e-07 2.616712e-10
1.281003e-07 2.638688e-10
1.287815e-07 2.660978e-10
1.294663e-07 2.683588e-10
1.301547e-07 2.706524e-10
1.308469e-07 2.729792e-10
1.315427e-07 2.753396e-10
1.322422e-07 2.777337e-10
1.329454e-07 2.801631e-10
1.336524e-07 2.826278e-10
1.343631e-07 2.851281e-10
1.350776e-07 2.876657e-10
1.357959e-07 2.902402e-10
1.365180e-07 2.928526e-10
1.372440e-07 2.955034e-10
1.379738e-07 2.981939e-10
1.387075e-07 3.009239e-10
1.394451e-07 3.036954e-10
1.401867e-07 3.065074e-10
1.409321e-07 3.093620e-10
1.416816e-07 3.122595e-10
1.424350e-07 3.152008e-10
1.431924e-07 3.181863e-10
1.439539e-07 3.212167e-10
1.447194e-07 3.242940e-10
1.454889e-07 3.274176e-10
1.462626e-07 3.305894e-10
1.470404e-07 3.338098e-10
1.478223e-07 3.370794e-10
1.486084e-07 3.403996e-10
1.493986e-07 3.437712e-10
1.501931e-07 3.471957e-10
1.509918e-07 3.506729e-10
1.517947e-07 3.542048e-10
1.526019e-07 3.577913e-10
1.534134e-07 3.614354e-10
1.542292e-07 3.651358e-10
1.550494e-07 3.688949e-10
1.558739e-07 3.727142e-10
1.567028e-07 3.765947e-10
1.575361e-07 3.805357e-10
1.583738e-07 3.845403e-10
1.592160e-07 3.886094e-10
1.600626e-07 3.927448e-10
1.609138e-07 3.969466e-10
1.617695e-07 4.012159e-10
1.626298e-07 4.055552e-10
1.634946e-07 4.099657e-10
1.643640e-07 4.144478e-10
1.652380e-07 4.190039e-10
1.661167e-07 4.236343e-10
1.670001e-07 4.283421e-10
1.678881e-07 4.331277e-10
1.687809e-07 4.379927e-10
1.696784e-07 4.429399e-10
1.705807e-07 4.479687e-10
1.714878e-07 4.530823e-10
1.723998e-07 4.582827e-10
1.733165e-07 4.635710e-10
1.742382e-07 4.689482e-10
1.751647e-07 4.744176e-10
1.760962e-07 4.799809e-10
1.770326e-07 4.856383e-10
1.779740e-07 4.913928e-10
1.789205e-07 4.972490e-10
1.798719e-07 5.032046e-10
1.808284e-07 5.092631e-10
1.817900e-07 5.154293e-10
1.827567e-07 5.217015e-10
1.837286e-07 5.280842e-10
1.847056e-07 5.345800e-10
1.856878e-07 5.411902e-10
1.866752e-07 5.479159e-10
1.876679e-07 5.547637e-10
1.886659e-07 5.617330e-10
1.896691e-07 5.688273e-10
1.906777e-07 5.760476e-10
1.916917e-07 5.833984e-10
1.927111e-07 5.908843e-10
1.937359e-07 5.985038e-10
1.947661e-07 6.062623e-10
1.958018e-07 6.141642e-10
1.968430e-07 6.222098e-10
1.978898e-07 6.304040e-10
1.989421e-07 6.387486e-10
2.000000e-07 6.472478e-10
