# sqrt(Delta_m21^2) [eV]    g_IAXO [GeV^-1]    (varphi = pi/4, w_res = 1 MeV)
1.000000e-09 5.407674e-10
1.005318e-09 5.332908e-10
1.010664e-09 5.259324e-10
1.016038e-09 5.186896e-10
1.021441e-09 5.115598e-10
1.026873e-09 5.045404e-10
1.032333e-09 4.976290e-10
1.037823e-09 4.908233e-10
1.043342e-09 4.841211e-10
1.048890e-09 4.775203e-10
1.054468e-09 4.710187e-10
1.060075e-09 4.646146e-10
1.065712e-09 4.583059e-10
1.071380e-09 4.520910e-10
1.077077e-09 4.459682e-10
1.082804e-09 4.399358e-10
1.088562e-09 4.339923e-10
1.094351e-09 4.281363e-10
1.100171e-09 4.223664e-10
1.106021e-09 4.166813e-10
1.111902e-09 4.110798e-10
1.117815e-09 4.055606e-10
1.123759e-09 4.001226e-10
1.129735e-09 3.947648e-10
1.135743e-09 3.894862e-10
1.141782e-09 3.842857e-10
1.147854e-09 3.791624e-10
1.153958e-09 3.741155e-10
1.160094e-09 3.691440e-10
1.166263e-09 3.642470e-10
1.172465e-09 3.594239e-10
1.178700e-09 3.546737e-10
1.184968e-09 3.499957e-10
1.191269e-09 3.453890e-10
1.197604e-09 3.408530e-10
1.203973e-09 3.363869e-10
1.210375e-09 3.319898e-10
1.216812e-09 3.276610e-10
1.223282e-09 3.233997e-10
1.229787e-09 3.192051e-10
1.236327e-09 3.150765e-10
1.242901e-09 3.110129e-10
1.249511e-09 3.070137e-10
1.256155e-09 3.030779e-10
1.262835e-09 2.992046e-10
1.269551e-09 2.953931e-10
1.276302e-09 2.916423e-10
1.283089e-09 2.879514e-10
1.289912e-09 2.843194e-10
1.296771e-09 2.807454e-10
1.303667e-09 2.772284e-10
1.310600e-09 2.737675e-10
1.317569e-09 2.703615e-10
1.324575e-09 2.670096e-10
1.331619e-09 2.637107e-10
1.338700e-09 2.604637e-10
1.345819e-09 2.572676e-10
1.352976e-09 2.541215e-10
1.360170e-09 2.510242e-10
1.367403e-09 2.479748e-10
1.374675e-09 2.449722e-10
1.381985e-09 2.420154e-10
1.389334e-09 2.391034e-10
1.396722e-09 2.362353e-10
1.404149e-09 2.334100e-10
1.411616e-09 2.306267e-10
1.419123e-09 2.278845e-10
1.426669e-09 2.251824e-10
1.434256e-09 2.225195e-10
1.441883e-09 2.198952e-10
1.449550e-09 2.173085e-10
1.457259e-09 2.147587e-10
1.465008e-09 2.122450e-10
1.472798e-09 2.097668e-10
1.480630e-09 2.073234e-10
1.488504e-09 2.049141e-10
1.496419e-09 2.025384e-10
1.504377e-09 2.001956e-10
1.512377e-09 1.978853e-10
1.520419e-09 1.956068e-10
1.528504e-09 1.933597e-10
1.536632e-09 1.911436e-10
1.544804e-09 1.889579e-10
1.553019e-09 1.868023e-10
1.561277e-09 1.846764e-10
1.569580e-09 1.825797e-10
1.577926e-09 1.805118e-10
1.586317e-09 1.784725e-10
1.594753e-09 1.764613e-10
1.603233e-09 1.744780e-10
1.611759e-09 1.725221e-10
1.620329e-09 1.705934e-10
1.628946e-09 1.686915e-10
1.637608e-09 1.668161e-10
1.646317e-09 1.649669e-10
1.655071e-09 1.631435e-10
1.663872e-09 1.613456e-10
1.672720e-09 1.595729e-10
1.681615e-09 1.578251e-10
1.690558e-09 1.561018e-10
1.699548e-09 1.544027e-10
1.708585e-09 1.527275e-10
1.717671e-09 1.510758e-10
1.726805e-09 1.494473e-10
1.735988e-09 1.478416e-10
1.745219e-09 1.462585e-10
1.754500e-09 1.446975e-10
1.763830e-09 1.431584e-10
1.773209e-09 1.416407e-10
1.782639e-09 1.401442e-10
1.792118e-09 1.386686e-10
1.801648e-09 1.372134e-10
1.811229e-09 1.357783e-10
1.820860e-09 1.343631e-10
1.830543e-09 1.329674e-10
1.840278e-09 1.315909e-10
1.850064e-09 1.302332e-10
1.859902e-09 1.288941e-10
1.869792e-09 1.275732e-10
1.879735e-09 1.262702e-10
1.889731e-09 1.249849e-10
1.899780e-09 1.237169e-10
1.909883e-09 1.224660e-10
1.920039e-09 1.212319e-10
1.930249e-09 1.200144e-10
1.940513e-09 1.188131e-10
1.950833e-09 1.176278e-10
1.961207e-09 1.164584e-10
1.971636e-09 1.153044e-10
1.982120e-09 1.141658e-10
1.992661e-09 1.130422e-10
2.003257e-09 1.119335e-10
2.013910e-09 1.108394e-10
2.024619e-09 1.097598e-10
2.035385e-09 1.086943e-10
2.046209e-09 1.076429e-10
2.057090e-09 1.066053e-10
2.068029e-09 1.055813e-10
2.079026e-09 1.045708e-10
2.090082e-09 1.035735e-10
2.101196e-09 1.025894e-10
2.112370e-09 1.016181e-10
2.123603e-09 1.006596e-10
2.134896e-09 9.971368e-11
2.146248e-09 9.878016e-11
2.157662e-09 9.785889e-11
2.169135e-09 9.694972e-11
2.180670e-09 9.605248e-11
2.192266e-09 9.516703e-11
2.203924e-09 9.429321e-11
2.215644e-09 9.343089e-11
2.227426e-09 9.257991e-11
2.239271e-09 9.174013e-11
2.251179e-09 9.091139e-11
2.263150e-09 9.009356e-11
2.275185e-09 8.928649e-11
2.287284e-09 8.849004e-11
2.299447e-09 8.770409e-11
2.311674e-09 8.692848e-11
2.323967e-09 8.616310e-11
2.336325e-09 8.540781e-11
2.348749e-09 8.466247e-11
2.361239e-09 8.392693e-11
2.373796e-09 8.320108e-11
2.386419e-09 8.248478e-11
2.399109e-09 8.177790e-11
2.411867e-09 8.108032e-11
2.424692e-09 8.039191e-11
2.437586e-09 7.971254e-11
2.450549e-09 7.904210e-11
2.463580e-09 7.838046e-11
2.476681e-09 7.772751e-11
2.489851e-09 7.708311e-11
2.503091e-09 7.644717e-11
2.516402e-09 7.581957e-11
2.529783e-09 7.520019e-11
2.543236e-09 7.458895e-11
2.556760e-09 7.398574e-11
2.570356e-09 7.339045e-11
2.584025e-09 7.280298e-11
2.597766e-09 7.222324e-11
2.611580e-09 7.165114e-11
2.625468e-09 7.108660e-11
2.639429e-09 7.052951e-11
2.653465e-09 6.997981e-11
2.667575e-09 6.943741e-11
2.681761e-09 6.890223e-11
2.696021e-09 6.837418e-11
2.710358e-09 6.785318e-11
2.724771e-09 6.733917e-11
2.739260e-09 6.683207e-11
2.753827e-09 6.633180e-11
2.768471e-09 6.583828e-11
2.783193e-09 6.535144e-11
2.797993e-09 6.487120e-11
2.812872e-09 6.439749e-11
2.827830e-09 6.393022e-11
2.842868e-09 6.346934e-11
2.857985e-09 6.301476e-11
2.873183e-09 6.256640e-11
2.888462e-09 6.212418e-11
2.903822e-09 6.168804e-11
2.919264e-09 6.125790e-11
2.934788e-09 6.083369e-11
2.950394e-09 6.041534e-11
2.966083e-09 6.000277e-11
2.981856e-09 5.959592e-11
2.997713e-09 5.919473e-11
3.013654e-09 5.879912e-11
3.029679e-09 5.840904e-11
3.045790e-09 5.802442e-11
3.061987e-09 5.764521e-11
3.078270e-09 5.727136e-11
3.094639e-09 5.690280e-11
3.111095e-09 5.653949e-11
3.127639e-09 5.618138e-11
3.144271e-09 5.582842e-11
3.160992e-09 5.548055e-11
3.177801e-09 5.513773e-11
3.194699e-09 5.479991e-11
3.211688e-09 5.446705e-11
3.228767e-09 5.413909e-11
3.245936e-09 5.381599e-11
3.263197e-09 5.349771e-11
3.280550e-09 5.318419e-11
3.297995e-09 5.287539e-11
3.315533e-09 5.257126e-11
3.333164e-09 5.227176e-11
3.350889e-09 5.197683e-11
3.368708e-09 5.168644e-11
3.386622e-09 5.140053e-11
3.404631e-09 5.111907e-11
3.422735e-09 5.084200e-11
3.440937e-09 5.056929e-11
3.459234e-09 5.030090e-11
3.477630e-09 5.003678e-11
3.496123e-09 4.977690e-11
3.514714e-09 4.952122e-11
3.533404e-09 4.926970e-11
3.552194e-09 4.902231e-11
3.571083e-09 4.877901e-11
3.590073e-09 4.853976e-11
3.609164e-09 4.830454e-11
3.628357e-09 4.807332e-11
3.647651e-09 4.784605e-11
3.667049e-09 4.762272e-11
3.686549e-09 4.740329e-11
3.706153e-09 4.718773e-11
3.725861e-09 4.697601e-11
3.745674e-09 4.676810e-11
3.765593e-09 4.656397e-11
3.785617e-09 4.636361e-11
3.805748e-09 4.616697e-11
3.825986e-09 4.597403e-11
3.846331e-09 4.578477e-11
3.866785e-09 4.559916e-11
3.887347e-09 4.541717e-11
3.908019e-09 4.523877e-11
3.928801e-09 4.506395e-11
3.949693e-09 4.489268e-11
3.970696e-09 4.472492e-11
3.991811e-09 4.456067e-11
4.013039e-09 4.439989e-11
4.034379e-09 4.424257e-11
4.055832e-09 4.408869e-11
4.077400e-09 4.393821e-11
4.099083e-09 4.379114e-11
4.120880e-09 4.364744e-11
4.142794e-09 4.350710e-11
4.164824e-09 4.337010e-11
4.186971e-09 4.323642e-11
4.209237e-09 4.310606e-11
4.231620e-09 4.297899e-11
4.254123e-09 4.285521e-11
4.276745e-09 4.273469e-11
4.299487e-09 4.261742e-11
4.322351e-09 4.250339e-11
4.345336e-09 4.239258e-11
4.368443e-09 4.228497e-11
4.391673e-09 4.218056e-11
4.415027e-09 4.207933e-11
4.438505e-09 4.198127e-11
4.462107e-09 4.188637e-11
4.485835e-09 4.179460e-11
4.509690e-09 4.170596e-11
4.533671e-09 4.162043e-11
4.557780e-09 4.153801e-11
4.582017e-09 4.145868e-11
4.606383e-09 4.138244e-11
4.630878e-09 4.130928e-11
4.655504e-09 4.123918e-11
4.680260e-09 4.117213e-11
4.705148e-09 4.110812e-11
4.730169e-09 4.104715e-11
4.755323e-09 4.098920e-11
4.780610e-09 4.093427e-11
4.806032e-09 4.088234e-11
4.831589e-09 4.083340e-11
4.857282e-09 4.078743e-11
4.883112e-09 4.074443e-11
4.909079e-09 4.070438e-11
4.935184e-09 4.066726e-11
4.961428e-09 4.063307e-11
4.987811e-09 4.060177e-11
5.014335e-09 4.057337e-11
5.041000e-09 4.054783e-11
5.067806e-09 4.052515e-11
5.094755e-09 4.050531e-11
5.121848e-09 4.048827e-11
5.149084e-09 4.047402e-11
5.176466e-09 4.046254e-11
5.203993e-09 4.045379e-11
5.231666e-09 4.044775e-11
5.259486e-09 4.044439e-11
5.287455e-09 4.044368e-11
5.315572e-09 4.044557e-11
5.343839e-09 4.045002e-11
5.372256e-09 4.045701e-11
5.400824e-09 4.046648e-11
5.429544e-09 4.047838e-11
5.458416e-09 4.049265e-11
5.487443e-09 4.050924e-11
5.516623e-09 4.052809e-11
5.545959e-09 4.054913e-11
5.575451e-09 4.057229e-11
5.605100e-09 4.059749e-11
5.634906e-09 4.062464e-11
5.664871e-09 4.065367e-11
5.694995e-09 4.068448e-11
5.725279e-09 4.071695e-11
5.755725e-09 4.075099e-11
5.786332e-09 4.078648e-11
5.817102e-09 4.082330e-11
5.848035e-09 4.086131e-11
5.879134e-09 4.090037e-11
5.910397e-09 4.094032e-11
5.941827e-09 4.098103e-11
5.973424e-09 4.102232e-11
6.005189e-09 4.106400e-11
6.037123e-09 4.110589e-11
6.069226e-09 4.114780e-11
6.101501e-09 4.118951e-11
6.133947e-09 4.123082e-11
6.166565e-09 4.127149e-11
6.199357e-09 4.131128e-11
6.232324e-09 4.134996e-11
6.265465e-09 4.138724e-11
6.298783e-09 4.142288e-11
6.332278e-09 4.145659e-11
6.365952e-09 4.148809e-11
6.399804e-09 4.151708e-11
6.433836e-09 4.154326e-11
6.468049e-09 4.156632e-11
6.502445e-09 4.158596e-11
6.537023e-09 4.160184e-11
6.571785e-09 4.161367e-11
6.606732e-09 4.162111e-11
6.641864e-09 4.162384e-11
6.677184e-09 4.162154e-11
6.712691e-09 4.161392e-11
6.748387e-09 4.160065e-11
6.784273e-09 4.158146e-11
6.820350e-09 4.155605e-11
6.856619e-09 4.152415e-11
6.893080e-09 4.148552e-11
6.929736e-09 4.143995e-11
6.966586e-09 4.138722e-11
7.003632e-09 4.132718e-11
7.040876e-09 4.125968e-11
7.078317e-09 4.118462e-11
7.115957e-09 4.110195e-11
7.153798e-09 4.101167e-11
7.191840e-09 4.091381e-11
7.230084e-09 4.080845e-11
7.268531e-09 4.069579e-11
7.307183e-09 4.057604e-11
7.346041e-09 4.044955e-11
7.385105e-09 4.031678e-11
7.424377e-09 4.017827e-11
7.463857e-09 4.003471e-11
7.503548e-09 3.988684e-11
7.543450e-09 3.973539e-11
7.583564e-09 3.958113e-11
7.623891e-09 3.942481e-11
7.664432e-09 3.926719e-11
7.705190e-09 3.910900e-11
7.746164e-09 3.895092e-11
7.787355e-09 3.879364e-11
7.828766e-09 3.863779e-11
7.870397e-09 3.848397e-11
7.912250e-09 3.833275e-11
7.954325e-09 3.818463e-11
7.996624e-09 3.804012e-11
8.039148e-09 3.789965e-11
8.081897e-09 3.776361e-11
8.124875e-09 3.763236e-11
8.168080e-09 3.750623e-11
8.211516e-09 3.738548e-11
8.255182e-09 3.727035e-11
8.299081e-09 3.716104e-11
8.343213e-09 3.705772e-11
8.387580e-09 3.696051e-11
8.432183e-09 3.686950e-11
8.477022e-09 3.678476e-11
8.522101e-09 3.670631e-11
8.567419e-09 3.663414e-11
8.612978e-09 3.656821e-11
8.658779e-09 3.650849e-11
8.704824e-09 3.645485e-11
8.751114e-09 3.640718e-11
8.797650e-09 3.636534e-11
8.844433e-09 3.632916e-11
8.891465e-09 3.629843e-11
8.938747e-09 3.627296e-11
8.986281e-09 3.625248e-11
9.034068e-09 3.623675e-11
9.082108e-09 3.622551e-11
9.130404e-09 3.621844e-11
9.178957e-09 3.621525e-11
9.227768e-09 3.621561e-11
9.276839e-09 3.621920e-11
9.326170e-09 3.622568e-11
9.375764e-09 3.623472e-11
9.425622e-09 3.624597e-11
9.475744e-09 3.625909e-11
9.526134e-09 3.627376e-11
9.576791e-09 3.628963e-11
9.627717e-09 3.630641e-11
9.678915e-09 3.632381e-11
9.730384e-09 3.634154e-11
9.782128e-09 3.635935e-11
9.834146e-09 3.637703e-11
9.886441e-09 3.639438e-11
9.939015e-09 3.641124e-11
9.991867e-09 3.642749e-11
1.004500e-08 3.644308e-11
1.009842e-08 3.645795e-11
1.015212e-08 3.647212e-11
1.020610e-08 3.648565e-11
1.026038e-08 3.649864e-11
1.031494e-08 3.651126e-11
1.036979e-08 3.652368e-11
1.042493e-08 3.653618e-11
1.048037e-08 3.654903e-11
1.053610e-08 3.656257e-11
1.059213e-08 3.657717e-11
1.064846e-08 3.659323e-11
1.070508e-08 3.661119e-11
1.076201e-08 3.663153e-11
1.081924e-08 3.665471e-11
1.087677e-08 3.668124e-11
1.093461e-08 3.671164e-11
1.099276e-08 3.674639e-11
1.105121e-08 3.678603e-11
1.110998e-08 3.683103e-11
1.116906e-08 3.688187e-11
1.122845e-08 3.693899e-11
1.128816e-08 3.700280e-11
1.134819e-08 3.707363e-11
1.140854e-08 3.715181e-11
1.146921e-08 3.723755e-11
1.153020e-08 3.733098e-11
1.159151e-08 3.743219e-11
1.165315e-08 3.754110e-11
1.171512e-08 3.765754e-11
1.177742e-08 3.778122e-11
1.184004e-08 3.791169e-11
1.190301e-08 3.804835e-11
1.196630e-08 3.819042e-11
1.202994e-08 3.833698e-11
1.209391e-08 3.848689e-11
1.215822e-08 3.863884e-11
1.222287e-08 3.879139e-11
1.228787e-08 3.894286e-11
1.235321e-08 3.909150e-11
1.241891e-08 3.923544e-11
1.248495e-08 3.937274e-11
1.255134e-08 3.950152e-11
1.261808e-08 3.962005e-11
1.268518e-08 3.972685e-11
1.275264e-08 3.982106e-11
1.282045e-08 3.990262e-11
1.288863e-08 3.997226e-11
1.295717e-08 4.003136e-11
1.302607e-08 4.008158e-11
1.309534e-08 4.012476e-11
1.316497e-08 4.016271e-11
1.323498e-08 4.019722e-11
1.330536e-08 4.022997e-11
1.337612e-08 4.026242e-11
1.344725e-08 4.029586e-11
1.351875e-08 4.033136e-11
1.359064e-08 4.036966e-11
1.366291e-08 4.041134e-11
1.373557e-08 4.045664e-11
1.380861e-08 4.050561e-11
1.388204e-08 4.055805e-11
1.395586e-08 4.061354e-11
1.403008e-08 4.067154e-11
1.410468e-08 4.073132e-11
1.417969e-08 4.079213e-11
1.425509e-08 4.085311e-11
1.433090e-08 4.091347e-11
1.440710e-08 4.097244e-11
1.448372e-08 4.102938e-11
1.456074e-08 4.108380e-11
1.463817e-08 4.113538e-11
1.471601e-08 4.118404e-11
1.479426e-08 4.122992e-11
1.487293e-08 4.127339e-11
1.495202e-08 4.131506e-11
1.503153e-08 4.135569e-11
1.511147e-08 4.139626e-11
1.519183e-08 4.143779e-11
1.527261e-08 4.148135e-11
1.535383e-08 4.152794e-11
1.543547e-08 4.157846e-11
1.551756e-08 4.163357e-11
1.560007e-08 4.169359e-11
1.568303e-08 4.175846e-11
1.576643e-08 4.182768e-11
1.585027e-08 4.190017e-11
1.593456e-08 4.197431e-11
1.601929e-08 4.204798e-11
1.610448e-08 4.211852e-11
1.619012e-08 4.218299e-11
1.627621e-08 4.223829e-11
1.636276e-08 4.228178e-11
1.644978e-08 4.231188e-11
1.653725e-08 4.232889e-11
1.662519e-08 4.233513e-11
1.671360e-08 4.233423e-11
1.680248e-08 4.233015e-11
1.689183e-08 4.232653e-11
1.698165e-08 4.232631e-11
1.707196e-08 4.233173e-11
1.716274e-08 4.234410e-11
1.725401e-08 4.236398e-11
1.734576e-08 4.239111e-11
1.743800e-08 4.242468e-11
1.753073e-08 4.246331e-11
1.762395e-08 4.250551e-11
1.771767e-08 4.254962e-11
1.781189e-08 4.259417e-11
1.790661e-08 4.263806e-11
1.800183e-08 4.268066e-11
1.809756e-08 4.272192e-11
1.819380e-08 4.276240e-11
1.829055e-08 4.280319e-11
1.838781e-08 4.284583e-11
1.848559e-08 4.289199e-11
1.858389e-08 4.294337e-11
1.868272e-08 4.300124e-11
1.878206e-08 4.306625e-11
1.888194e-08 4.313809e-11
1.898235e-08 4.321532e-11
1.908329e-08 4.329522e-11
1.918477e-08 4.337397e-11
1.928679e-08 4.344701e-11
1.938935e-08 4.351000e-11
1.949246e-08 4.356065e-11
1.959612e-08 4.359985e-11
1.970032e-08 4.363167e-11
1.980508e-08 4.366150e-11
1.991040e-08 4.369422e-11
2.001628e-08 4.373323e-11
2.012272e-08 4.378016e-11
2.022973e-08 4.383501e-11
2.033730e-08 4.389650e-11
2.044545e-08 4.396239e-11
2.055417e-08 4.403026e-11
2.066347e-08 4.409790e-11
2.077336e-08 4.416385e-11
2.088382e-08 4.422778e-11
2.099488e-08 4.429051e-11
2.110652e-08 4.435392e-11
2.121876e-08 4.442043e-11
2.133160e-08 4.449254e-11
2.144503e-08 4.457188e-11
2.155907e-08 4.465858e-11
2.167371e-08 4.475075e-11
2.178897e-08 4.484415e-11
2.190484e-08 4.493287e-11
2.202132e-08 4.501131e-11
2.213842e-08 4.507700e-11
2.225615e-08 4.513254e-11
2.237450e-08 4.518421e-11
2.249348e-08 4.523861e-11
2.261309e-08 4.530002e-11
2.273334e-08 4.536970e-11
2.285423e-08 4.544626e-11
2.297577e-08 4.552671e-11
2.309794e-08 4.560779e-11
2.322077e-08 4.568699e-11
2.334425e-08 4.576353e-11
2.346839e-08 4.583863e-11
2.359319e-08 4.591512e-11
2.371865e-08 4.599635e-11
2.384478e-08 4.608483e-11
2.397158e-08 4.618065e-11
2.409905e-08 4.628045e-11
2.422721e-08 4.637772e-11
2.435604e-08 4.646547e-11
2.448556e-08 4.654073e-11
2.461576e-08 4.660714e-11
2.474666e-08 4.667256e-11
2.487826e-08 4.674378e-11
2.501056e-08 4.682342e-11
2.514355e-08 4.690987e-11
2.527726e-08 4.699916e-11
2.541168e-08 4.708746e-11
2.554681e-08 4.717287e-11
2.568266e-08 4.725653e-11
2.581923e-08 4.734198e-11
2.595653e-08 4.743328e-11
2.609456e-08 4.753232e-11
2.623332e-08 4.763655e-11
2.637283e-08 4.773895e-11
2.651307e-08 4.783200e-11
2.665406e-08 4.791378e-11
2.679580e-08 4.799010e-11
2.693829e-08 4.806969e-11
2.708154e-08 4.815745e-11
2.722555e-08 4.825229e-11
2.737033e-08 4.834957e-11
2.751588e-08 4.844510e-11
2.766220e-08 4.853800e-11
2.780930e-08 4.863131e-11
2.795718e-08 4.872980e-11
2.810585e-08 4.883590e-11
2.825530e-08 4.894626e-11
2.840556e-08 4.905286e-11
2.855661e-08 4.914955e-11
2.870847e-08 4.923857e-11
2.886113e-08 4.932856e-11
2.901461e-08 4.942604e-11
2.916890e-08 4.953044e-11
2.932401e-08 4.963664e-11
2.947994e-08 4.974062e-11
2.963671e-08 4.984326e-11
2.979431e-08 4.994931e-11
2.995275e-08 5.006244e-11
3.011203e-08 5.018014e-11
3.027215e-08 5.029445e-11
3.043313e-08 5.040013e-11
3.059497e-08 5.050111e-11
3.075766e-08 5.060605e-11
3.092122e-08 5.071850e-11
3.108565e-08 5.083465e-11
3.125096e-08 5.094954e-11
3.141714e-08 5.106326e-11
3.158421e-08 5.118059e-11
3.175216e-08 5.130448e-11
3.192101e-08 5.143069e-11
3.209076e-08 5.155167e-11
3.226141e-08 5.166639e-11
3.243297e-08 5.178211e-11
3.260543e-08 5.190449e-11
3.277882e-08 5.203116e-11
3.295313e-08 5.215725e-11
3.312836e-08 5.228298e-11
3.330453e-08 5.241300e-11
3.348164e-08 5.254833e-11
3.365968e-08 5.268308e-11
3.383867e-08 5.281237e-11
3.401862e-08 5.294020e-11
3.419952e-08 5.307317e-11
3.438138e-08 5.321087e-11
3.456421e-08 5.334882e-11
3.474801e-08 5.348706e-11
3.493279e-08 5.362965e-11
3.511856e-08 5.377613e-11
3.530531e-08 5.392067e-11
3.549305e-08 5.406180e-11
3.568179e-08 5.420518e-11
3.587154e-08 5.435373e-11
3.606229e-08 5.450406e-11
3.625406e-08 5.465482e-11
3.644685e-08 5.480918e-11
3.664066e-08 5.496705e-11
3.683551e-08 5.512365e-11
3.703139e-08 5.527852e-11
3.722831e-08 5.543662e-11
3.742628e-08 5.559880e-11
3.762530e-08 5.576215e-11
3.782538e-08 5.592749e-11
3.802653e-08 5.609671e-11
3.822874e-08 5.626677e-11
3.843203e-08 5.643567e-11
3.863640e-08 5.660680e-11
3.884186e-08 5.678189e-11
3.904841e-08 5.695872e-11
3.925606e-08 5.713783e-11
3.946481e-08 5.732031e-11
3.967467e-08 5.750356e-11
3.988565e-08 5.768703e-11
4.009775e-08 5.787364e-11
4.031098e-08 5.806335e-11
4.052534e-08 5.825512e-11
4.074084e-08 5.844990e-11
4.095749e-08 5.864687e-11
4.117529e-08 5.884451e-11
4.139425e-08 5.904470e-11
4.161437e-08 5.924819e-11
4.183566e-08 5.945405e-11
4.205813e-08 5.966289e-11
4.228179e-08 5.987406e-11
4.250663e-08 6.008666e-11
4.273267e-08 6.030214e-11
4.295991e-08 6.052075e-11
4.318836e-08 6.074202e-11
4.341802e-08 6.096638e-11
4.364890e-08 6.119291e-11
4.388101e-08 6.142175e-11
4.411436e-08 6.165385e-11
4.434895e-08 6.188900e-11
4.458478e-08 6.212713e-11
4.482187e-08 6.236808e-11
4.506022e-08 6.261151e-11
4.529984e-08 6.285821e-11
4.554073e-08 6.310811e-11
4.578290e-08 6.336125e-11
4.602636e-08 6.361735e-11
4.627112e-08 6.387631e-11
4.651717e-08 6.413873e-11
4.676454e-08 6.440446e-11
4.701322e-08 6.467355e-11
4.726322e-08 6.494587e-11
4.751455e-08 6.522142e-11
4.776722e-08 6.550058e-11
4.802124e-08 6.578323e-11
4.827660e-08 6.606940e-11
4.853332e-08 6.635904e-11
4.879141e-08 6.665222e-11
4.905086e-08 6.694929e-11
4.931170e-08 6.724994e-11
4.957393e-08 6.755436e-11
4.983755e-08 6.786251e-11
5.010257e-08 6.817460e-11
5.036900e-08 6.849062e-11
5.063685e-08 6.881055e-11
5.090612e-08 6.913440e-11
5.117682e-08 6.946242e-11
5.144897e-08 6.979455e-11
5.172256e-08 7.013070e-11
5.199760e-08 7.047110e-11
5.227411e-08 7.081581e-11
5.255209e-08 7.116476e-11
5.283155e-08 7.151809e-11
5.311249e-08 7.187585e-11
5.339493e-08 7.223807e-11
5.367887e-08 7.260488e-11
5.396431e-08 7.297628e-11
5.425128e-08 7.335233e-11
5.453977e-08 7.373314e-11
5.482980e-08 7.411876e-11
5.512137e-08 7.450909e-11
5.541449e-08 7.490445e-11
5.570917e-08 7.530474e-11
5.600541e-08 7.571013e-11
5.630323e-08 7.612053e-11
5.660264e-08 7.653619e-11
5.690363e-08 7.695701e-11
5.720623e-08 7.738319e-11
5.751044e-08 7.781475e-11
5.781626e-08 7.825170e-11
5.812371e-08 7.869431e-11
5.843280e-08 7.914242e-11
5.874352e-08 7.959629e-11
5.905591e-08 8.005584e-11
5.936995e-08 8.052130e-11
5.968566e-08 8.099268e-11
6.000305e-08 8.147003e-11
6.032213e-08 8.195351e-11
6.064290e-08 8.244325e-11
6.096539e-08 8.293915e-11
6.128958e-08 8.344133e-11
6.161550e-08 8.394998e-11
6.194316e-08 8.446509e-11
6.227255e-08 8.498684e-11
6.260370e-08 8.551536e-11
6.293661e-08 8.605064e-11
6.327129e-08 8.659281e-11
6.360774e-08 8.714200e-11
6.394599e-08 8.769840e-11
6.428604e-08 8.826189e-11
6.462789e-08 8.883277e-11
6.497157e-08 8.941112e-11
6.531707e-08 8.999700e-11
6.566440e-08 9.059047e-11
6.601359e-08 9.119172e-11
6.636463e-08 9.180071e-11
6.671754e-08 9.241784e-11
6.707232e-08 9.304302e-11
6.742899e-08 9.367655e-11
6.778756e-08 9.431837e-11
6.814803e-08 9.496871e-11
6.851043e-08 9.562768e-11
6.887474e-08 9.629537e-11
6.924100e-08 9.697193e-11
6.960920e-08 9.765747e-11
6.997936e-08 9.835222e-11
7.035149e-08 9.905616e-11
7.072560e-08 9.976950e-11
7.110170e-08 1.004925e-10
7.147980e-08 1.012254e-10
7.185991e-08 1.019680e-10
7.224204e-08 1.027207e-10
7.262620e-08 1.034836e-10
7.301241e-08 1.042569e-10
7.340067e-08 1.050408e-10
7.379099e-08 1.058353e-10
7.418339e-08 1.066405e-10
7.457787e-08 1.074570e-10
7.497446e-08 1.082846e-10
7.537315e-08 1.091237e-10
7.577396e-08 1.099745e-10
7.617691e-08 1.108369e-10
7.658199e-08 1.117113e-10
7.698923e-08 1.125979e-10
7.739864e-08 1.134967e-10
7.781022e-08 1.144082e-10
7.822400e-08 1.153324e-10
7.863997e-08 1.162697e-10
7.905815e-08 1.172201e-10
7.947856e-08 1.181839e-10
7.990121e-08 1.191616e-10
8.032610e-08 1.201529e-10
8.075325e-08 1.211583e-10
8.118267e-08 1.221783e-10
8.161438e-08 1.232127e-10
8.204838e-08 1.242623e-10
8.248469e-08 1.253268e-10
8.292332e-08 1.264066e-10
8.336428e-08 1.275019e-10
8.380759e-08 1.286131e-10
8.425325e-08 1.297404e-10
8.470128e-08 1.308842e-10
8.515170e-08 1.320450e-10
8.560451e-08 1.332224e-10
8.605973e-08 1.344174e-10
8.651737e-08 1.356299e-10
8.697745e-08 1.368603e-10
8.743997e-08 1.381090e-10
8.790495e-08 1.393763e-10
8.837240e-08 1.406628e-10
8.884234e-08 1.419684e-10
8.931478e-08 1.432934e-10
8.978973e-08 1.446384e-10
9.026721e-08 1.460034e-10
9.074722e-08 1.473894e-10
9.122979e-08 1.487962e-10
9.171492e-08 1.502245e-10
9.220263e-08 1.516747e-10
9.269294e-08 1.531471e-10
9.318586e-08 1.546419e-10
9.368139e-08 1.561601e-10
9.417956e-08 1.577021e-10
9.468038e-08 1.592674e-10
9.518386e-08 1.608573e-10
9.569002e-08 1.624714e-10
9.619888e-08 1.641113e-10
9.671043e-08 1.657768e-10
9.722471e-08 1.674683e-10
9.774172e-08 1.691868e-10
9.826149e-08 1.709323e-10
9.878401e-08 1.727052e-10
9.930932e-08 1.745071e-10
9.983742e-08 1.763381e-10
1.003683e-07 1.781978e-10
1.009021e-07 1.800870e-10
1.014386e-07 1.820072e-10
1.019780e-07 1.839584e-10
1.025203e-07 1.859416e-10
1.030655e-07 1.879564e-10
1.036136e-07 1.900041e-10
1.041646e-07 1.920861e-10
1.047185e-07 1.942024e-10
1.052753e-07 1.963534e-10
1.058352e-07 1.985399e-10
1.063980e-07 2.007625e-10
1.069638e-07 2.030222e-10
1.075326e-07 2.053199e-10
1.081044e-07 2.076561e-10
1.086793e-07 2.100307e-10
1.092572e-07 2.124465e-10
1.098382e-07 2.149039e-10
1.104223e-07 2.174020e-10
1.110095e-07 2.199425e-10
1.115998e-07 2.225259e-10
1.121932e-07 2.251549e-10
1.127898e-07 2.278283e-10
1.133896e-07 2.305476e-10
1.139926e-07 2.333156e-10
1.145988e-07 2.361319e-10
1.152082e-07 2.389958e-10
1.158208e-07 2.419103e-10
1.164367e-07 2.448757e-10
1.170559e-07 2.478934e-10
1.176784e-07 2.509645e-10
1.183042e-07 2.540908e-10
1.189333e-07 2.572735e-10
1.195657e-07 2.605112e-10
1.202015e-07 2.638076e-10
1.208407e-07 2.671636e-10
1.214833e-07 2.705795e-10
1.221293e-07 2.740568e-10
1.227788e-07 2.775988e-10
1.234317e-07 2.812062e-10
1.240881e-07 2.848777e-10
1.247479e-07 2.886170e-10
1.254113e-07 2.924256e-10
1.260782e-07 2.963039e-10
1.267486e-07 3.002537e-10
1.274227e-07 3.042805e-10
1.281003e-07 3.083798e-10
1.287815e-07 3.125556e-10
1.294663e-07 3.168103e-10
1.301547e-07 3.211451e-10
1.308469e-07 3.255634e-10
1.315427e-07 3.300669e-10
1.322422e-07 3.346539e-10
1.329454e-07 3.393289e-10
1.336524e-07 3.440936e-10
1.343631e-07 3.489497e-10
1.350776e-07 3.539023e-10
1.357959e-07 3.589506e-10
1.365180e-07 3.640953e-10
1.372440e-07 3.693424e-10
1.379738e-07 3.746905e-10
1.387075e-07 3.801458e-10
1.394451e-07 3.857108e-10
1.401867e-07 3.913825e-10
1.409321e-07 3.971694e-10
1.416816e-07 4.030698e-10
1.424350e-07 4.090905e-10
1.431924e-07 4.152352e-10
1.439539e-07 4.214988e-10
1.447194e-07 4.278913e-10
1.454889e-07 4.344118e-10
1.462626e-07 4.410718e-10
1.470404e-07 4.478646e-10
1.478223e-07 4.547947e-10
1.486084e-07 4.618698e-10
1.493986e-07 4.690915e-10
1.501931e-07 4.764683e-10
1.509918e-07 4.839917e-10
1.517947e-07 4.916752e-10
1.526019e-07 4.995176e-10
1.534134e-07 5.075362e-10
1.542292e-07 5.157143e-10
1.550494e-07 5.240697e-10
1.558739e-07 5.325987e-10
1.567028e-07 5.413234e-10
1.575361e-07 5.502232e-10
1.583738e-07 5.593179e-10
1.592160e-07 5.686074e-10
1.600626e-07 5.781111e-10
1.609138e-07 5.878070e-10
1.617695e-07 5.977226e-10
1.626298e-07 6.078493e-10
1.634946e-07 6.182184e-10
1.643640e-07 6.287966e-10
1.652380e-07 6.396167e-10
1.661167e-07 6.506803e-10
1.670001e-07 6.619925e-10
1.678881e-07 6.735572e-10
1.687809e-07 6.853743e-10
1.696784e-07 6.974836e-10
1.705807e-07 7.098427e-10
1.714878e-07 7.224914e-10
1.723998e-07 7.354386e-10
1.733165e-07 7.486744e-10
1.742382e-07 7.622176e-10
1.751647e-07 7.760697e-10
1.760962e-07 7.902594e-10
1.770326e-07 8.047675e-10
1.779740e-07 8.196066e-10
1.789205e-07 8.348238e-10
1.798719e-07 8.503781e-10
1.808284e-07 8.662941e-10
1.817900e-07 8.826206e-10
1.827567e-07 8.993119e-10
1.837286e-07 9.163938e-10
1.847056e-07 9.339220e-10
1.856878e-07 9.518505e-10
1.866752e-07 9.702040e-10
1.876679e-07 9.890283e-10
1.886659e-07 1.008298e-09
1.896691e-07 1.028055e-09
1.906777e-07 1.048280e-09
1.916917e-07 1.069001e-09
1.927111e-07 1.090285e-09
1.937359e-07 1.112040e-09
1.947661e-07 1.134342e-09
1.958018e-07 1.157245e-09
1.968430e-07 1.180700e-09
1.978898e-07 1.204779e-09
1.989421e-07 1.229420e-09
2.000000e-07 1.254686e-09
