# Counting axions with IAXO \cite{} by B. Grinstein, C. Miro and P. Quilez
# # Hierarchical g_discovery of 2 axions (profile likelihood) as a function of m2
# # m2_vals[eV]    g_disc[GeV^-1]    m_hat[eV]    q0_over_g4[GeV^-4]
1.000000e-03 3.456717e-08 8.408743e-04 6.303583e+30
1.054976e-03 3.306320e-08 8.870511e-04 7.531177e+30
1.112975e-03 3.025324e-08 9.357634e-04 1.074373e+31
1.174162e-03 2.295702e-08 9.872369e-04 3.240266e+31
1.238714e-03 1.730047e-08 1.041546e-03 1.004640e+32
1.306814e-03 1.603057e-08 1.098636e-03 1.362844e+32
1.378657e-03 1.179262e-08 1.158567e-03 4.653735e+32
1.454451e-03 1.054580e-08 1.222280e-03 7.276545e+32
1.534411e-03 8.415093e-09 1.289699e-03 1.794762e+33
1.618768e-03 6.497089e-09 1.359697e-03 5.050882e+33
1.707762e-03 5.582961e-09 1.434969e-03 9.263691e+33
1.801648e-03 4.445650e-09 1.513715e-03 2.304100e+34
1.900696e-03 3.640754e-09 1.595414e-03 5.122443e+34
2.005190e-03 2.994262e-09 1.683551e-03 1.119652e+35
2.115428e-03 2.444356e-09 1.775176e-03 2.521071e+35
2.231726e-03 1.969229e-09 1.872207e-03 5.984904e+35
2.354418e-03 1.603035e-09 1.973894e-03 1.362920e+36
2.483856e-03 1.309159e-09 2.080399e-03 3.063890e+36
2.620409e-03 1.063820e-09 2.191644e-03 7.026992e+36
2.764470e-03 8.683491e-10 2.311040e-03 1.582942e+37
2.916450e-03 7.096926e-10 2.433276e-03 3.547819e+37
3.076786e-03 5.820285e-10 2.564112e-03 7.842701e+37
3.245936e-03 4.784228e-10 2.699393e-03 1.717889e+38
3.424386e-03 3.947386e-10 2.842052e-03 3.706842e+38
3.612646e-03 3.270858e-10 2.990571e-03 7.863135e+38
3.811257e-03 2.722905e-10 3.144450e-03 1.637241e+39
4.020786e-03 2.279246e-10 3.307242e-03 3.334859e+39
4.241834e-03 1.917745e-10 3.477141e-03 6.653938e+39
4.475034e-03 1.622189e-10 3.652813e-03 1.299682e+40
4.721055e-03 1.378877e-10 3.832891e-03 2.489661e+40
4.980602e-03 1.177058e-10 4.021361e-03 4.688685e+40
5.254417e-03 1.008654e-10 4.218781e-03 8.695088e+40
5.543286e-03 8.674761e-11 4.417324e-03 1.589324e+41
5.848035e-03 7.489115e-11 4.623613e-03 2.861017e+41
6.169539e-03 6.492253e-11 4.834442e-03 5.065948e+41
6.508718e-03 5.653694e-11 5.047914e-03 8.808732e+41
6.866544e-03 4.948298e-11 5.261180e-03 1.501133e+42
7.244041e-03 4.354934e-11 5.478324e-03 2.502167e+42
7.642292e-03 3.855637e-11 5.690697e-03 4.072470e+42
8.062438e-03 3.435405e-11 5.899369e-03 6.461460e+42
8.505681e-03 3.081633e-11 6.104144e-03 9.979737e+42
8.973292e-03 2.783748e-11 6.295460e-03 1.498728e+43
9.466611e-03 2.532941e-11 6.475419e-03 2.186463e+43
9.987051e-03 2.321927e-11 6.638580e-03 3.096337e+43
1.053610e-02 2.144781e-11 6.777734e-03 4.253153e+43
1.111534e-02 1.996758e-11 6.887534e-03 5.661620e+43
1.172642e-02 1.874126e-11 6.962531e-03 7.295372e+43
1.237110e-02 1.774010e-11 6.997312e-03 9.086954e+43
1.305121e-02 1.694267e-11 6.985729e-03 1.092233e+44
1.376872e-02 1.633383e-11 6.924488e-03 1.264416e+44
1.452568e-02 1.590411e-11 6.811850e-03 1.406711e+44
1.532425e-02 1.564936e-11 6.647141e-03 1.500571e+44
1.616672e-02 1.557089e-11 6.432045e-03 1.531047e+44
1.705550e-02 1.567605e-11 6.172327e-03 1.490377e+44
1.799315e-02 1.597910e-11 5.874067e-03 1.380489e+44
1.898235e-02 1.650277e-11 5.542826e-03 1.213430e+44
2.002593e-02 1.728033e-11 5.184430e-03 1.009332e+44
2.112688e-02 1.835843e-11 4.811107e-03 7.923197e+43
2.228836e-02 1.980086e-11 4.432299e-03 5.854721e+43
2.351370e-02 2.169349e-11 4.061081e-03 4.063730e+43
2.480639e-02 2.414940e-11 3.709626e-03 2.646167e+43
2.617016e-02 2.731163e-11 3.394072e-03 1.617528e+43
2.760890e-02 3.134528e-11 3.120683e-03 9.322966e+42
2.912674e-02 3.639713e-11 2.898380e-03 5.128308e+42
3.072802e-02 4.248284e-11 2.722301e-03 2.763047e+42
3.241733e-02 4.929127e-11 2.584064e-03 1.524623e+42
3.419952e-02 5.611496e-11 2.466685e-03 9.076695e+41
3.607968e-02 6.231285e-11 2.357542e-03 5.969421e+41
3.806321e-02 6.796388e-11 2.248310e-03 4.218225e+41
4.015579e-02 7.376692e-11 2.138801e-03 3.039456e+41
4.236341e-02 8.049153e-11 2.027181e-03 2.144084e+41
4.469240e-02 8.870267e-11 1.916726e-03 1.453770e+41
4.714942e-02 9.871993e-11 1.813950e-03 9.475959e+40
4.974152e-02 1.106012e-10 1.716367e-03 6.014544e+40
5.247613e-02 1.241740e-10 1.625590e-03 3.785466e+40
5.536108e-02 1.392816e-10 1.539661e-03 2.391483e+40
5.840463e-02 1.560928e-10 1.458783e-03 1.516042e+40
6.161550e-02 1.748556e-10 1.383010e-03 9.627738e+39
6.500290e-02 1.954807e-10 1.310787e-03 6.163498e+39
6.857652e-02 2.183738e-10 1.242188e-03 3.957680e+39
7.234661e-02 2.444280e-10 1.177667e-03 2.521381e+39
7.632396e-02 2.742481e-10 1.116224e-03 1.590992e+39
8.051998e-02 3.083278e-10 1.057184e-03 9.958453e+38
8.494667e-02 3.450571e-10 1.002700e-03 6.348613e+38
8.961673e-02 3.865400e-10 9.505069e-04 4.031482e+38
9.454353e-02 4.348610e-10 9.004042e-04 2.516754e+38
9.974119e-02 4.867221e-10 8.539491e-04 1.603683e+38
1.052246e-01 5.462841e-10 8.092186e-04 1.010574e+38
1.110095e-01 6.120364e-10 7.670330e-04 6.414069e+37
1.171124e-01 6.864810e-10 7.271020e-04 4.052549e+37
1.235508e-01 7.675464e-10 6.891661e-04 2.593127e+37
1.303431e-01 8.600465e-10 6.531076e-04 1.644958e+37
1.375089e-01 9.624457e-10 6.189495e-04 1.048908e+37
1.450687e-01 1.075170e-09 5.868288e-04 6.734935e+36
1.530440e-01 1.200615e-09 5.561467e-04 4.331393e+36
1.614578e-01 1.340497e-09 5.272797e-04 2.787273e+36
1.703342e-01 1.495455e-09 5.000000e-04 1.799487e+36
1.796985e-01 1.664450e-09 5.000000e-04 1.172625e+36
1.895777e-01 1.848216e-09 5.000000e-04 7.713153e+35
2.000000e-01 2.038832e-09 5.000000e-04 5.208550e+35
