# Counting axions with IAXO (arXiv:2606.XXXXX) by B. Grinstein, C. Miro and P. Quilez
# # Quasi-degenerate g_discovery vs sqrt_dm2 for mixing angle phi=0.196350 (0.0625*pi)
# # sqrt(Dm21^2) [eV]    g_discovery [GeV^-1]    E_res=100 eV
4.000000000000001076e-09 5.337624916829473391e-09
4.228829447494138635e-09 4.776135852412489143e-09
4.470749623998395098e-09 4.273598367530155928e-09
4.726509415584439113e-09 3.823839154965833264e-09
4.996900550120446339e-09 3.421257299098898598e-09
5.282760048137250141e-09 3.061204255811650884e-09
5.584972813902087543e-09 2.739083840616442455e-09
5.904474374720836191e-09 2.450810697660840300e-09
6.242253776948502506e-09 2.193001881806985018e-09
6.599356647672832000e-09 1.962344808901643311e-09
6.976888431548767196e-09 1.755998162352427845e-09
7.376017812803654133e-09 1.571413852175322927e-09
7.797980333006347831e-09 1.406298294618543538e-09
8.244082215799347198e-09 1.258611239603350355e-09
8.715704410433750353e-09 1.126518763949388529e-09
9.214306866624194561e-09 1.008385192264774760e-09
9.741433053956996382e-09 9.027449233159886362e-10
1.029871473984150508e-08 8.082890279683706191e-10
1.088787704079592093e-08 7.238454689300456216e-10
1.151074376270328052e-08 6.483664084674065220e-10
1.216924304656977649e-08 5.809145667485029404e-10
1.286541333726188672e-08 5.206513126893169930e-10
1.360140969369925152e-08 4.668261785360127098e-10
1.437951046003690269e-08 4.187672074067579902e-10
1.520212431848851007e-08 3.758722864044441748e-10
1.607179774562273967e-08 3.376012606475000583e-10
1.699122289521483261e-08 3.034687994549606312e-10
1.796324593205527111e-08 2.730379709334402591e-10
1.899087584251365356e-08 2.459145329808805796e-10
2.007729374913169715e-08 2.217420137752251336e-10
2.122586275807952571e-08 2.001976839265966628e-10
2.244013836995895633e-08 1.809895029783411973e-10
2.372387948618138623e-08 1.638540380441427516e-10
2.508106004499148575e-08 1.485551337286217876e-10
2.651588132315716035e-08 1.348828820158379755e-10
2.803278494140670225e-08 1.226523063275024511e-10
2.963646661387272347e-08 1.117013425339126301e-10
3.133189068410546196e-08 1.018881457775618912e-10
3.312430549265310335e-08 9.308818614722836333e-11
3.501925962378088755e-08 8.519166417266596178e-11
3.702261908162177665e-08 7.810148161997945823e-11
3.914058544893013842e-08 7.173169358194316677e-11
4.137971508464908041e-08 6.600627773537296366e-11
4.374693941972034822e-08 6.085810379158297958e-11
4.624958641396388183e-08 5.622803334513964160e-11
4.889540324044881918e-08 5.206410235164270033e-11
5.169258026757755932e-08 4.832075453900867471e-11
5.464977641312159702e-08 4.495811247068177710e-11
5.777614594869479175e-08 4.194129165421462764e-11
6.108136683763991470e-08 3.923977703456298471e-11
6.457567069405088520e-08 3.682688598781032007e-11
6.826987445567178461e-08 3.467933624911679708e-11
7.217541386871816735e-08 3.277692380656607915e-11
7.630437888827805288e-08 3.110229991196960154e-11
8.066955110387505785e-08 2.964082263836507342e-11
8.528444330605001414e-08 2.838044803766427651e-11
9.016334131644215627e-08 2.731161536009100009e-11
9.532134821085884875e-08 2.642706203814940812e-11
1.007744310722306433e-07 2.572146532364012919e-11
1.065394704181793021e-07 2.519073187191918107e-11
1.126343124562067919e-07 2.483062276928270679e-11
1.190778243282657653e-07 2.463419787399912173e-11
1.258899525157260244e-07 2.458735516547214111e-11
1.330917845855352373e-07 2.466186904979535041e-11
1.407056144687144615e-07 2.480678427144882829e-11
1.487550114732642252e-07 2.494339781592661313e-11
1.572648932451170227e-07 2.497561751489807610e-11
1.662616029029931804e-07 2.482575502475626383e-11
1.757729905859386000e-07 2.448077374553535550e-11
1.858284996659817443e-07 2.400676837548850768e-11
1.964592578927899367e-07 2.351371400544886474e-11
2.076981737524688162e-07 2.310477356001879617e-11
2.195800383387985316e-07 2.284681610410367649e-11
2.321416330522507433e-07 2.276460222592778386e-11
2.454218434601841049e-07 2.284513859784386541e-11
2.594617796706807570e-07 2.304511674827203343e-11
2.743049035926526601e-07 2.330391012723884902e-11
2.899971634761625442e-07 2.356539496371359316e-11
3.065871361494418985e-07 2.380107647583226949e-11
3.241261773929135772e-07 2.401752843183029411e-11
3.426685809157154289e-07 2.424181811531420649e-11
3.622717464268520445e-07 2.449937085107038436e-11
3.829963573212502636e-07 2.480201146186410338e-11
4.049065685307725320e-07 2.515001402528940587e-11
4.280702051216834795e-07 2.554035916416552166e-11
4.525589722533577723e-07 2.597258114422052202e-11
4.784486771481704325e-07 2.644966304897193158e-11
5.058194637596996913e-07 2.697658148535820947e-11
5.347560608656779491e-07 2.755916745135669145e-11
5.653480443536866691e-07 2.820362659873591607e-11
5.976901145115230285e-07 2.891636727301214559e-11
6.318823891806179190e-07 2.970469943129457235e-11
6.680307136799870644e-07 3.057836231076422479e-11
7.062469884601134789e-07 3.154841334672193532e-11
7.466495155010452072e-07 3.262394831066749644e-11
7.893633645270125666e-07 3.381878654205436633e-11
8.345207601712201284e-07 3.515032697989705948e-11
8.822614912893121193e-07 3.663166415294046533e-11
9.327333436885840179e-07 3.828890311029423801e-11
9.860925576124886461e-07 4.013974325644009405e-11
1.042504311396625340e-06 4.221563216549696822e-11
1.102143232793411863e-06 4.455087966384523872e-11
1.165193939548294182e-06 4.718044257341742893e-11
1.231851610900882669e-06 5.015127775402966716e-11
1.302322591780185855e-06 5.351735770623548411e-11
1.376825031564234218e-06 5.734227942014599993e-11
1.455589559381469773e-06 6.170562626284040839e-11
1.538859998044344024e-06 6.671420554036463933e-11
1.626894118825173450e-06 7.246491455017034372e-11
1.719964439410729995e-06 7.910468197139223487e-11
1.818359067505714339e-06 8.682696866897737671e-11
1.922382592696536334e-06 9.583910418103739684e-11
2.032357029336310294e-06 1.064069066799444490e-10
2.148622813369774475e-06 1.188906386565219132e-10
2.271539856183950493e-06 1.338492023267426750e-10
2.401488658746822115e-06 1.516268391248263770e-10
2.538871489482940676e-06 1.734430242960414386e-10
2.684113629532190431e-06 1.998649095449290151e-10
2.837664689246524786e-06 2.329872582413127751e-10
3.000000000000000923e-06 2.757023803438370531e-10
3.000000000000000923e-06 2.757023803438370531e-10
3.567621345008164738e-06 5.263060200018983467e-10
4.242640687119287374e-06 1.344373985190732391e-09
5.045378491522289850e-06 6.101440273861707308e-09
6.000000000000002693e-06 2.463600374118829317e-08
