# Counting axions with IAXO (arXiv:2606.20826) by B. Grinstein, C. Miro and P. Quilez \cite{Grinstein:2026alk}
# # Quasi-degenerate g_discovery vs sqrt_dm2 for mixing angle phi=0.392699 (0.1250*pi)
# # sqrt(Dm21^2) [eV]    g_discovery [GeV^-1]    E_res=100 eV
4.000000000000001076e-09 2.889124430943257351e-09
4.228829447494138635e-09 2.584972400359278411e-09
4.470749623998395098e-09 2.312849466087902075e-09
4.726509415584439113e-09 2.069385395536342551e-09
4.996900550120446339e-09 1.851570872443843490e-09
5.282760048137250141e-09 1.656689958810026472e-09
5.584972813902087543e-09 1.482342500427074635e-09
5.904474374720836191e-09 1.326362017081213242e-09
6.242253776948502506e-09 1.186817786042531708e-09
6.599356647672832000e-09 1.061980542951949126e-09
6.976888431548767196e-09 9.503032488681194660e-10
7.376017812803654133e-09 8.504015390370653122e-10
7.797980333006347831e-09 7.610379217194074298e-10
8.244082215799347198e-09 6.811046009914476946e-10
8.715704410433750353e-09 6.096109743750302308e-10
9.214306866624194561e-09 5.456708694091107536e-10
9.741433053956996382e-09 4.884916655772254590e-10
1.029871473984150508e-08 4.373643954331097652e-10
1.088787704079592093e-08 3.916549421749484499e-10
1.151074376270328052e-08 3.507961341071906366e-10
1.216924304656977649e-08 3.142806147706384540e-10
1.286541333726188672e-08 2.816544819613118778e-10
1.360140969369925152e-08 2.525115388818474653e-10
1.437951046003690269e-08 2.264881010391058104e-10
1.520212431848851007e-08 2.032583087246511977e-10
1.607179774562273967e-08 1.825298713926605416e-10
1.699122289521483261e-08 1.640402150881366220e-10
1.796324593205527111e-08 1.475530103423417920e-10
1.899087584251365356e-08 1.328550867844327077e-10
2.007729374913169715e-08 1.197537673683729273e-10
2.122586275807952571e-08 1.080746759203430945e-10
2.244013836995895633e-08 9.766006634908376481e-11
2.372387948618138623e-08 8.836767132994993279e-11
2.508106004499148575e-08 8.006996212984889181e-11
2.651588132315716035e-08 7.265357927077423301e-11
2.803278494140670225e-08 6.601862009790598917e-11
2.963646661387272347e-08 6.007755005104979584e-11
3.133189068410546196e-08 5.475374274162336375e-11
3.312430549265310335e-08 4.997989422202508796e-11
3.501925962378088755e-08 4.569660393749985382e-11
3.702261908162177665e-08 4.185125999757010518e-11
3.914058544893013842e-08 3.839719636557938776e-11
4.137971508464908041e-08 3.529303608878006381e-11
4.374693941972034822e-08 3.250215619588707214e-11
4.624958641396388183e-08 2.999223119084272289e-11
4.889540324044881918e-08 2.773482021203099756e-11
5.169258026757755932e-08 2.570497126189675188e-11
5.464977641312159702e-08 2.388083009599439423e-11
5.777614594869479175e-08 2.224325831311561999e-11
6.108136683763991470e-08 2.077547825501934210e-11
6.457567069405088520e-08 1.946276620643426691e-11
6.826987445567178461e-08 1.829220946843440794e-11
7.217541386871816735e-08 1.725253103362389263e-11
7.630437888827805288e-08 1.633397328187262729e-11
8.066955110387505785e-08 1.552822329882655275e-11
8.528444330605001414e-08 1.482835788130878215e-11
9.016334131644215627e-08 1.422878352715657486e-11
9.532134821085884875e-08 1.372514071074364335e-11
1.007744310722306433e-07 1.331412585980330595e-11
1.065394704181793021e-07 1.299315047377584751e-11
1.126343124562067919e-07 1.275969531671954480e-11
1.190778243282657653e-07 1.261012437345034224e-11
1.258899525157260244e-07 1.253762908286947165e-11
1.330917845855352373e-07 1.252903137570202912e-11
1.407056144687144615e-07 1.256082046082369067e-11
1.487550114732642252e-07 1.259673781047518530e-11
1.572648932451170227e-07 1.259217770275465084e-11
1.662616029029931804e-07 1.251016812761984895e-11
1.757729905859386000e-07 1.234288953618007083e-11
1.858284996659817443e-07 1.211975295473821214e-11
1.964592578927899367e-07 1.189226990293213446e-11
2.076981737524688162e-07 1.171006916990308869e-11
2.195800383387985316e-07 1.160577314096392779e-11
2.321416330522507433e-07 1.159117298634862384e-11
2.454218434601841049e-07 1.165870736071725433e-11
2.594617796706807570e-07 1.178479768147206619e-11
2.743049035926526601e-07 1.193641296584737509e-11
2.899971634761625442e-07 1.208279857003660710e-11
3.065871361494418985e-07 1.220841144399618226e-11
3.241261773929135772e-07 1.231747920744664144e-11
3.426685809157154289e-07 1.242621083128319799e-11
3.622717464268520445e-07 1.255045800215680466e-11
3.829963573212502636e-07 1.269870711933814387e-11
4.049065685307725320e-07 1.287262475986812703e-11
4.280702051216834795e-07 1.307109140030910200e-11
4.525589722533577723e-07 1.329331534750857510e-11
4.784486771481704325e-07 1.353972506287169175e-11
5.058194637596996913e-07 1.381178365518879981e-11
5.347560608656779491e-07 1.411181761108269931e-11
5.653480443536866691e-07 1.444289711304702218e-11
5.976901145115230285e-07 1.480860786675288028e-11
6.318823891806179190e-07 1.521306862986900636e-11
6.680307136799870644e-07 1.566142791800971662e-11
7.062469884601134789e-07 1.615940450304512422e-11
7.466495155010452072e-07 1.671148805538011276e-11
7.893633645270125666e-07 1.732473879260802330e-11
8.345207601712201284e-07 1.800808173203161473e-11
8.822614912893121193e-07 1.876841414604270087e-11
9.327333436885840179e-07 1.961908611273696093e-11
9.860925576124886461e-07 2.056883377471743974e-11
1.042504311396625340e-06 2.163413737470100192e-11
1.102143232793411863e-06 2.283284844306732649e-11
1.165193939548294182e-06 2.418197196782620761e-11
1.231851610900882669e-06 2.570704583520335123e-11
1.302322591780185855e-06 2.743394735998184849e-11
1.376825031564234218e-06 2.939749747417917233e-11
1.455589559381469773e-06 3.163621144443867308e-11
1.538859998044344024e-06 3.420622440561164067e-11
1.626894118825173450e-06 3.715780817301381952e-11
1.719964439410729995e-06 4.056582925930777532e-11
1.818359067505714339e-06 4.452848461780996553e-11
1.922382592696536334e-06 4.915234275318325245e-11
2.032357029336310294e-06 5.457856050313423896e-11
2.148622813369774475e-06 6.098567070110109310e-11
2.271539856183950493e-06 6.866823188466565876e-11
2.401488658746822115e-06 7.778551951367933020e-11
2.538871489482940676e-06 8.898949460061458887e-11
2.684113629532190431e-06 1.025680259055875036e-10
2.837664689246524786e-06 1.195263917946432214e-10
3.000000000000000923e-06 1.414496851646609048e-10
3.000000000000000923e-06 1.414496851646609048e-10
3.567621345008164738e-06 2.701428653735028622e-10
4.242640687119287374e-06 6.898348302342735701e-10
5.045378491522289850e-06 3.132825577893775632e-09
6.000000000000002693e-06 1.315043258080831548e-08
