# Counting axions with IAXO \cite{} by B. Grinstein, C. Miro and P. Quilez
# # Quasi-degenerate g_discovery vs sqrt_dm2 for mixing angle phi=0.098175 (0.0312*pi)
# # sqrt(Dm21^2) [eV]    g_discovery [GeV^-1]    E_res=100 eV
4.000000000000001076e-09 1.047332259104307903e-08
4.228829447494138635e-09 9.352383922607221600e-09
4.470749623998395098e-09 8.373371678981813090e-09
4.726509415584439113e-09 7.499282371059106535e-09
4.996900550120446339e-09 6.711403975020814171e-09
5.282760048137250141e-09 6.005286038163590580e-09
5.584972813902087543e-09 5.372823445810308200e-09
5.904474374720836191e-09 4.807209183175901703e-09
6.242253776948502506e-09 4.301793175815019474e-09
6.599356647672832000e-09 3.849258561583001800e-09
6.976888431548767196e-09 3.444445219332361267e-09
7.376017812803654133e-09 3.082449212420693436e-09
7.797980333006347831e-09 2.758608530154050516e-09
8.244082215799347198e-09 2.468898281825340920e-09
8.715704410433750353e-09 2.209798096623475803e-09
9.214306866624194561e-09 1.978084366202257145e-09
9.741433053956996382e-09 1.770873684119113945e-09
1.029871473984150508e-08 1.585602041473268407e-09
1.088787704079592093e-08 1.419970769776071172e-09
1.151074376270328052e-08 1.271924379434316572e-09
1.216924304656977649e-08 1.139624579964165680e-09
1.286541333726188672e-08 1.021426927029219119e-09
1.360140969369925152e-08 9.158595092546937950e-10
1.437951046003690269e-08 8.216040159777100449e-10
1.520212431848851007e-08 7.374791780757037760e-10
1.607179774562273967e-08 6.624255894547231162e-10
1.699122289521483261e-08 5.954910234122525542e-10
1.796324593205527111e-08 5.358183188357140041e-10
1.899087584251365356e-08 4.826338255389195391e-10
2.007729374913169715e-08 4.352380266275912095e-10
2.122586275807952571e-08 3.929975167211121480e-10
2.244013836995895633e-08 3.553390868163750876e-10
2.372387948618138623e-08 3.217456450287929037e-10
2.508106004499148575e-08 2.917536509681640105e-10
2.651588132315716035e-08 2.649511010767979126e-10
2.803278494140670225e-08 2.409749519321115406e-10
2.963646661387272347e-08 2.195071563139622043e-10
3.133189068410546196e-08 2.002693813553128165e-10
3.312430549265310335e-08 1.830173226081373673e-10
3.501925962378088755e-08 1.675356492687290732e-10
3.702261908162177665e-08 1.536340308331670772e-10
3.914058544893013842e-08 1.411440963151331718e-10
4.137971508464908041e-08 1.299170040868168233e-10
4.374693941972034822e-08 1.198213955576763449e-10
4.624958641396388183e-08 1.107416020432421502e-10
4.889540324044881918e-08 1.025760178112288004e-10
5.169258026757755932e-08 9.523558295220315364e-11
5.464977641312159702e-08 8.864235243874356753e-11
5.777614594869479175e-08 8.272815978836490240e-11
6.108136683763991470e-08 7.743340779802069298e-11
6.457567069405088520e-08 7.270602763812335328e-11
6.826987445567178461e-08 6.850063841740878128e-11
7.217541386871816735e-08 6.477791632562753908e-11
7.630437888827805288e-08 6.150415391546595549e-11
8.066955110387505785e-08 5.865096424194349182e-11
8.528444330605001414e-08 5.619506358208985056e-11
9.016334131644215627e-08 5.411804356797443390e-11
9.532134821085884875e-08 5.240600343706325209e-11
1.007744310722306433e-07 5.104883239759892618e-11
1.065394704181793021e-07 5.003877724085853563e-11
1.126343124562067919e-07 4.936765751194288040e-11
1.190778243282657653e-07 4.902167520285946649e-11
1.258899525157260244e-07 4.897234048526449835e-11
1.330917845855352373e-07 4.916229827578852695e-11
1.407056144687144615e-07 4.948782405298233929e-11
1.487550114732642252e-07 4.978874563043842068e-11
1.572648932451170227e-07 4.986994935641435550e-11
1.662616029029931804e-07 4.957475605552405474e-11
1.757729905859386000e-07 4.887873623121467260e-11
1.858284996659817443e-07 4.791762154794906992e-11
1.964592578927899367e-07 4.691442772810016182e-11
2.076981737524688162e-07 4.607698893538042211e-11
2.195800383387985316e-07 4.553953049223111546e-11
2.321416330522507433e-07 4.535195416569011938e-11
2.454218434601841049e-07 4.548917875800230229e-11
2.594617796706807570e-07 4.586632131026515462e-11
2.743049035926526601e-07 4.636457434346086695e-11
2.899971634761625442e-07 4.687407996322586847e-11
3.065871361494418985e-07 4.733897392226670084e-11
3.241261773929135772e-07 4.777155903095197598e-11
3.426685809157154289e-07 4.822361392400795900e-11
3.622717464268520445e-07 4.874323016376556149e-11
3.829963573212502636e-07 4.935178721984775984e-11
4.049065685307725320e-07 5.004847310201832561e-11
4.280702051216834795e-07 5.082689321100347029e-11
4.525589722533577723e-07 5.168660948089652441e-11
4.784486771481704325e-07 5.263454082713527959e-11
5.058194637596996913e-07 5.368156321608074002e-11
5.347560608656779491e-07 5.483987107767336905e-11
5.653480443536866691e-07 5.612191430134469758e-11
5.976901145115230285e-07 5.754017632358161142e-11
6.318823891806179190e-07 5.910887112402122257e-11
6.680307136799870644e-07 6.084724525987760254e-11
7.062469884601134789e-07 6.277726188241434830e-11
7.466495155010452072e-07 6.491716933678020925e-11
7.893633645270125666e-07 6.729449555104474197e-11
8.345207601712201284e-07 6.994386651817151553e-11
8.822614912893121193e-07 7.289116481737055388e-11
9.327333436885840179e-07 7.618838952627557469e-11
9.860925576124886461e-07 7.987104670461817960e-11
1.042504311396625340e-06 8.400141608235187616e-11
1.102143232793411863e-06 8.864754634754836527e-11
1.165193939548294182e-06 9.387981679219309593e-11
1.231851610900882669e-06 9.979037745725960371e-11
1.302322591780185855e-06 1.064882301312900662e-10
1.376825031564234218e-06 1.140979737478690088e-10
1.455589559381469773e-06 1.227800202129290852e-10
1.538859998044344024e-06 1.327457667088118996e-10
1.626894118825173450e-06 1.441874555761768751e-10
1.719964439410729995e-06 1.573979168941123514e-10
1.818359067505714339e-06 1.727631514986571174e-10
1.922382592696536334e-06 1.906954723998808424e-10
2.032357029336310294e-06 2.117195874934278864e-10
2.148622813369774475e-06 2.365579957856631456e-10
2.271539856183950493e-06 2.663162475782939888e-10
2.401488658746822115e-06 3.016940473037047749e-10
2.538871489482940676e-06 3.450959342441270755e-10
2.684113629532190431e-06 3.976516994697404603e-10
2.837664689246524786e-06 4.635928660263817224e-10
3.000000000000000923e-06 5.485863592512244076e-10
3.000000000000000923e-06 5.485863592512244076e-10
3.567621345008164738e-06 1.047157599762435580e-09
4.242640687119287374e-06 2.674980955016977484e-09
5.045378491522289850e-06 1.205210289959110547e-08
6.000000000000002693e-06 3.554813632141228205e-08
