# Counting axions with IAXO (arXiv:2606.20826) by B. Grinstein, C. Miro and P. Quilez \cite{Grinstein:2026alk}
# # Quasi-degenerate g_discovery vs sqrt_dm2 for mixing angle phi=0.785398 (0.2500*pi)
# # sqrt(Dm21^2) [eV]    g_discovery [GeV^-1]    E_res=100 eV
4.000000000000001076e-09 2.042929124411245334e-09
4.228829447494138635e-09 1.827851265398750480e-09
4.470749623998395098e-09 1.635425710015988496e-09
4.726509415584439113e-09 1.463264519314439992e-09
4.996900550120446339e-09 1.309239558754954650e-09
5.282760048137250141e-09 1.171437345777280633e-09
5.584972813902087543e-09 1.048151011417368702e-09
5.904474374720836191e-09 9.378532675450939064e-10
6.242253776948502506e-09 8.391776973013561136e-10
6.599356647672832000e-09 7.509010017613854411e-10
6.976888431548767196e-09 6.719293179761657798e-10
7.376017812803654133e-09 6.012840223550647176e-10
7.797980333006347831e-09 5.380895997479814627e-10
8.244082215799347198e-09 4.815629089313963620e-10
8.715704410433750353e-09 4.310033695232446617e-10
9.214306866624194561e-09 3.857843150875025524e-10
9.741433053956996382e-09 3.453451983738096740e-10
1.029871473984150508e-08 3.091846385679682785e-10
1.088787704079592093e-08 2.768541748888409542e-10
1.151074376270328052e-08 2.479526715558731827e-10
1.216924304656977649e-08 2.221213006970426442e-10
1.286541333726188672e-08 1.990390329494304902e-10
1.360140969369925152e-08 1.784185780496590216e-10
1.437951046003690269e-08 1.600027224799598384e-10
1.520212431848851007e-08 1.435610181561000962e-10
1.607179774562273967e-08 1.288867824311762152e-10
1.699122289521483261e-08 1.157943819126817979e-10
1.796324593205527111e-08 1.041167842370355867e-10
1.899087584251365356e-08 9.370338048636310690e-11
2.007729374913169715e-08 8.441809933382870380e-11
2.122586275807952571e-08 7.613784864837427221e-11
2.244013836995895633e-08 6.875131889945344414e-11
2.372387948618138623e-08 6.215814993241510471e-11
2.508106004499148575e-08 5.626839107893242242e-11
2.651588132315716035e-08 5.100209221708648597e-11
2.803278494140670225e-08 4.628880662725204548e-11
2.963646661387272347e-08 4.206683434423251517e-11
3.133189068410546196e-08 3.828219625620580829e-11
3.312430549265310335e-08 3.488750164628437484e-11
3.501925962378088755e-08 3.184091542030799022e-11
3.702261908162177665e-08 2.910533003552183913e-11
3.914058544893013842e-08 2.664772974406662968e-11
4.137971508464908041e-08 2.443869951003347846e-11
4.374693941972034822e-08 2.245204835123693117e-11
4.624958641396388183e-08 2.066452478414145892e-11
4.889540324044881918e-08 1.905558831025164941e-11
5.169258026757755932e-08 1.760718829118530172e-11
5.464977641312159702e-08 1.630351255048471302e-11
5.777614594869479175e-08 1.513070127306801191e-11
6.108136683763991470e-08 1.407655418584761123e-11
6.457567069405088520e-08 1.313027078794646670e-11
6.826987445567178461e-08 1.228225285814102447e-11
7.217541386871816735e-08 1.152397599178095456e-11
7.630437888827805288e-08 1.084791508463948229e-11
8.066955110387505785e-08 1.024749695130769456e-11
8.528444330605001414e-08 9.717054414726810803e-12
9.016334131644215627e-08 9.251765044860860784e-12
9.532134821085884875e-08 8.847564901543470876e-12
1.007744310722306433e-07 8.501025966866572019e-12
1.065394704181793021e-07 8.209173210805433762e-12
1.126343124562067919e-07 7.969194507872387413e-12
1.190778243282657653e-07 7.777967821977259276e-12
1.258899525157260244e-07 7.631310979383601935e-12
1.330917845855352373e-07 7.522903984652206239e-12
1.407056144687144615e-07 7.443071705452378660e-12
1.487550114732642252e-07 7.378216370980367478e-12
1.572648932451170227e-07 7.312502889669598864e-12
1.662616029029931804e-07 7.233178160927740724e-12
1.757729905859386000e-07 7.137816847763335705e-12
1.858284996659817443e-07 7.037715675121085381e-12
1.964592578927899367e-07 6.953396656510944106e-12
2.076981737524688162e-07 6.905666323690360132e-12
2.195800383387985316e-07 6.908574625074013035e-12
2.321416330522507433e-07 6.966308509244331795e-12
2.454218434601841049e-07 7.072295577335871551e-12
2.594617796706807570e-07 7.209410906470632649e-12
2.743049035926526601e-07 7.352901119246271553e-12
2.899971634761625442e-07 7.478446850123781142e-12
3.065871361494418985e-07 7.573180362914541539e-12
3.241261773929135772e-07 7.641182370082652505e-12
3.426685809157154289e-07 7.698184423132720092e-12
3.622717464268520445e-07 7.761143136744640698e-12
3.829963573212502636e-07 7.841395536507160656e-12
4.049065685307725320e-07 7.943705905999582121e-12
4.280702051216834795e-07 8.068353508653277397e-12
4.525589722533577723e-07 8.213539151582051656e-12
4.784486771481704325e-07 8.376996225301579824e-12
5.058194637596996913e-07 8.557055826778735489e-12
5.347560608656779491e-07 8.753555751008063044e-12
5.653480443536866691e-07 8.968138749317476513e-12
5.976901145115230285e-07 9.203760629543436442e-12
6.318823891806179190e-07 9.463912582122511045e-12
6.680307136799870644e-07 9.752281114734389276e-12
7.062469884601134789e-07 1.007268520277237784e-11
7.466495155010452072e-07 1.042739683578728374e-11
7.893633645270125666e-07 1.082094201303783712e-11
8.345207601712201284e-07 1.125902421838414952e-11
8.822614912893121193e-07 1.174631966299421394e-11
9.327333436885840179e-07 1.229145257105319451e-11
9.860925576124886461e-07 1.289889212762054190e-11
1.042504311396625340e-06 1.358015382484772348e-11
1.102143232793411863e-06 1.434723762590110827e-11
1.165193939548294182e-06 1.520862278883036842e-11
1.231851610900882669e-06 1.618419930552822902e-11
1.302322591780185855e-06 1.728583611527616431e-11
1.376825031564234218e-06 1.854120213070069595e-11
1.455589559381469773e-06 1.996907746852885431e-11
1.538859998044344024e-06 2.160938324951995536e-11
1.626894118825173450e-06 2.349441776891394059e-11
1.719964439410729995e-06 2.567093394110816527e-11
1.818359067505714339e-06 2.819991974504622606e-11
1.922382592696536334e-06 3.114939889650744545e-11
2.032357029336310294e-06 3.461992459387948466e-11
2.148622813369774475e-06 3.871185088444730509e-11
2.271539856183950493e-06 4.363199327822557467e-11
2.401488658746822115e-06 4.943938860312249234e-11
2.538871489482940676e-06 5.661730155419398865e-11
2.684113629532190431e-06 6.532742488181151844e-11
2.837664689246524786e-06 7.608422403664068194e-11
3.000000000000000923e-06 9.011452130411582652e-11
3.000000000000000923e-06 9.011452130411582652e-11
3.567621345008164738e-06 1.725151987217777913e-10
4.242640687119287374e-06 4.403347631966311288e-10
5.045378491522289850e-06 2.002285132105698821e-09
6.000000000000002693e-06 8.425509806971032902e-09
