# sqrt(Delta_m21^2) [eV]    g_IAXO [GeV^-1]    (varphi = pi/4, w_res = 2 MeV)
1.000000e-09 6.243757e-10
1.005318e-09 6.154408e-10
1.010664e-09 6.066287e-10
1.016038e-09 5.979394e-10
1.021441e-09 5.893729e-10
1.026873e-09 5.809290e-10
1.032333e-09 5.726075e-10
1.037823e-09 5.644082e-10
1.043342e-09 5.563306e-10
1.048890e-09 5.483743e-10
1.054468e-09 5.405388e-10
1.060075e-09 5.328235e-10
1.065712e-09 5.252278e-10
1.071380e-09 5.177509e-10
1.077077e-09 5.103919e-10
1.082804e-09 5.031501e-10
1.088562e-09 4.960244e-10
1.094351e-09 4.890139e-10
1.100171e-09 4.821175e-10
1.106021e-09 4.753340e-10
1.111902e-09 4.686624e-10
1.117815e-09 4.621012e-10
1.123759e-09 4.556494e-10
1.129735e-09 4.493055e-10
1.135743e-09 4.430683e-10
1.141782e-09 4.369362e-10
1.147854e-09 4.309079e-10
1.153958e-09 4.249820e-10
1.160094e-09 4.191568e-10
1.166263e-09 4.134310e-10
1.172465e-09 4.078030e-10
1.178700e-09 4.022712e-10
1.184968e-09 3.968341e-10
1.191269e-09 3.914900e-10
1.197604e-09 3.862374e-10
1.203973e-09 3.810746e-10
1.210375e-09 3.760001e-10
1.216812e-09 3.710122e-10
1.223282e-09 3.661093e-10
1.229787e-09 3.612898e-10
1.236327e-09 3.565520e-10
1.242901e-09 3.518943e-10
1.249511e-09 3.473150e-10
1.256155e-09 3.428126e-10
1.262835e-09 3.383854e-10
1.269551e-09 3.340318e-10
1.276302e-09 3.297502e-10
1.283089e-09 3.255390e-10
1.289912e-09 3.213966e-10
1.296771e-09 3.173215e-10
1.303667e-09 3.133120e-10
1.310600e-09 3.093666e-10
1.317569e-09 3.054838e-10
1.324575e-09 3.016621e-10
1.331619e-09 2.979001e-10
1.338700e-09 2.941961e-10
1.345819e-09 2.905489e-10
1.352976e-09 2.869569e-10
1.360170e-09 2.834189e-10
1.367403e-09 2.799333e-10
1.374675e-09 2.764990e-10
1.381985e-09 2.731145e-10
1.389334e-09 2.697787e-10
1.396722e-09 2.664903e-10
1.404149e-09 2.632481e-10
1.411616e-09 2.600509e-10
1.419123e-09 2.568977e-10
1.426669e-09 2.537873e-10
1.434256e-09 2.507188e-10
1.441883e-09 2.476911e-10
1.449550e-09 2.447032e-10
1.457259e-09 2.417544e-10
1.465008e-09 2.388437e-10
1.472798e-09 2.359703e-10
1.480630e-09 2.331334e-10
1.488504e-09 2.303323e-10
1.496419e-09 2.275664e-10
1.504377e-09 2.248350e-10
1.512377e-09 2.221374e-10
1.520419e-09 2.194732e-10
1.528504e-09 2.168419e-10
1.536632e-09 2.142429e-10
1.544804e-09 2.116759e-10
1.553019e-09 2.091405e-10
1.561277e-09 2.066362e-10
1.569580e-09 2.041628e-10
1.577926e-09 2.017201e-10
1.586317e-09 1.993076e-10
1.594753e-09 1.969253e-10
1.603233e-09 1.945729e-10
1.611759e-09 1.922502e-10
1.620329e-09 1.899570e-10
1.628946e-09 1.876933e-10
1.637608e-09 1.854588e-10
1.646317e-09 1.832535e-10
1.655071e-09 1.810773e-10
1.663872e-09 1.789300e-10
1.672720e-09 1.768115e-10
1.681615e-09 1.747218e-10
1.690558e-09 1.726607e-10
1.699548e-09 1.706282e-10
1.708585e-09 1.686241e-10
1.717671e-09 1.666484e-10
1.726805e-09 1.647008e-10
1.735988e-09 1.627814e-10
1.745219e-09 1.608899e-10
1.754500e-09 1.590261e-10
1.763830e-09 1.571899e-10
1.773209e-09 1.553812e-10
1.782639e-09 1.535996e-10
1.792118e-09 1.518449e-10
1.801648e-09 1.501170e-10
1.811229e-09 1.484155e-10
1.820860e-09 1.467401e-10
1.830543e-09 1.450906e-10
1.840278e-09 1.434666e-10
1.850064e-09 1.418678e-10
1.859902e-09 1.402938e-10
1.869792e-09 1.387442e-10
1.879735e-09 1.372186e-10
1.889731e-09 1.357167e-10
1.899780e-09 1.342380e-10
1.909883e-09 1.327821e-10
1.920039e-09 1.313485e-10
1.930249e-09 1.299368e-10
1.940513e-09 1.285466e-10
1.950833e-09 1.271774e-10
1.961207e-09 1.258287e-10
1.971636e-09 1.245002e-10
1.982120e-09 1.231913e-10
1.992661e-09 1.219017e-10
2.003257e-09 1.206308e-10
2.013910e-09 1.193783e-10
2.024619e-09 1.181438e-10
2.035385e-09 1.169269e-10
2.046209e-09 1.157271e-10
2.057090e-09 1.145441e-10
2.068029e-09 1.133776e-10
2.079026e-09 1.122272e-10
2.090082e-09 1.110927e-10
2.101196e-09 1.099736e-10
2.112370e-09 1.088697e-10
2.123603e-09 1.077808e-10
2.134896e-09 1.067066e-10
2.146248e-09 1.056469e-10
2.157662e-09 1.046014e-10
2.169135e-09 1.035699e-10
2.180670e-09 1.025523e-10
2.192266e-09 1.015483e-10
2.203924e-09 1.005579e-10
2.215644e-09 9.958077e-11
2.227426e-09 9.861686e-11
2.239271e-09 9.766602e-11
2.251179e-09 9.672811e-11
2.263150e-09 9.580301e-11
2.275185e-09 9.489060e-11
2.287284e-09 9.399075e-11
2.299447e-09 9.310335e-11
2.311674e-09 9.222829e-11
2.323967e-09 9.136545e-11
2.336325e-09 9.051472e-11
2.348749e-09 8.967597e-11
2.361239e-09 8.884908e-11
2.373796e-09 8.803394e-11
2.386419e-09 8.723041e-11
2.399109e-09 8.643837e-11
2.411867e-09 8.565768e-11
2.424692e-09 8.488821e-11
2.437586e-09 8.412982e-11
2.450549e-09 8.338237e-11
2.463580e-09 8.264572e-11
2.476681e-09 8.191972e-11
2.489851e-09 8.120422e-11
2.503091e-09 8.049907e-11
2.516402e-09 7.980413e-11
2.529783e-09 7.911924e-11
2.543236e-09 7.844425e-11
2.556760e-09 7.777901e-11
2.570356e-09 7.712335e-11
2.584025e-09 7.647713e-11
2.597766e-09 7.584019e-11
2.611580e-09 7.521237e-11
2.625468e-09 7.459354e-11
2.639429e-09 7.398353e-11
2.653465e-09 7.338220e-11
2.667575e-09 7.278942e-11
2.681761e-09 7.220504e-11
2.696021e-09 7.162893e-11
2.710358e-09 7.106097e-11
2.724771e-09 7.050101e-11
2.739260e-09 6.994895e-11
2.753827e-09 6.940466e-11
2.768471e-09 6.886803e-11
2.783193e-09 6.833893e-11
2.797993e-09 6.781726e-11
2.812872e-09 6.730291e-11
2.827830e-09 6.679578e-11
2.842868e-09 6.629576e-11
2.857985e-09 6.580276e-11
2.873183e-09 6.531669e-11
2.888462e-09 6.483747e-11
2.903822e-09 6.436499e-11
2.919264e-09 6.389919e-11
2.934788e-09 6.343999e-11
2.950394e-09 6.298730e-11
2.966083e-09 6.254105e-11
2.981856e-09 6.210116e-11
2.997713e-09 6.166755e-11
3.013654e-09 6.124015e-11
3.029679e-09 6.081890e-11
3.045790e-09 6.040372e-11
3.061987e-09 5.999454e-11
3.078270e-09 5.959132e-11
3.094639e-09 5.919397e-11
3.111095e-09 5.880245e-11
3.127639e-09 5.841669e-11
3.144271e-09 5.803664e-11
3.160992e-09 5.766222e-11
3.177801e-09 5.729337e-11
3.194699e-09 5.693005e-11
3.211688e-09 5.657218e-11
3.228767e-09 5.621973e-11
3.245936e-09 5.587262e-11
3.263197e-09 5.553081e-11
3.280550e-09 5.519424e-11
3.297995e-09 5.486286e-11
3.315533e-09 5.453661e-11
3.333164e-09 5.421544e-11
3.350889e-09 5.389929e-11
3.368708e-09 5.358810e-11
3.386622e-09 5.328183e-11
3.404631e-09 5.298041e-11
3.422735e-09 5.268380e-11
3.440937e-09 5.239195e-11
3.459234e-09 5.210480e-11
3.477630e-09 5.182231e-11
3.496123e-09 5.154441e-11
3.514714e-09 5.127107e-11
3.533404e-09 5.100222e-11
3.552194e-09 5.073783e-11
3.571083e-09 5.047785e-11
3.590073e-09 5.022225e-11
3.609164e-09 4.997097e-11
3.628357e-09 4.972398e-11
3.647651e-09 4.948124e-11
3.667049e-09 4.924272e-11
3.686549e-09 4.900837e-11
3.706153e-09 4.877817e-11
3.725861e-09 4.855209e-11
3.745674e-09 4.833011e-11
3.765593e-09 4.811220e-11
3.785617e-09 4.789833e-11
3.805748e-09 4.768848e-11
3.825986e-09 4.748263e-11
3.846331e-09 4.728075e-11
3.866785e-09 4.708284e-11
3.887347e-09 4.688886e-11
3.908019e-09 4.669881e-11
3.928801e-09 4.651265e-11
3.949693e-09 4.633037e-11
3.970696e-09 4.615193e-11
3.991811e-09 4.597734e-11
4.013039e-09 4.580656e-11
4.034379e-09 4.563956e-11
4.055832e-09 4.547633e-11
4.077400e-09 4.531684e-11
4.099083e-09 4.516106e-11
4.120880e-09 4.500897e-11
4.142794e-09 4.486055e-11
4.164824e-09 4.471577e-11
4.186971e-09 4.457461e-11
4.209237e-09 4.443704e-11
4.231620e-09 4.430305e-11
4.254123e-09 4.417262e-11
4.276745e-09 4.404573e-11
4.299487e-09 4.392237e-11
4.322351e-09 4.380253e-11
4.345336e-09 4.368618e-11
4.368443e-09 4.357333e-11
4.391673e-09 4.346397e-11
4.415027e-09 4.335809e-11
4.438505e-09 4.325569e-11
4.462107e-09 4.315676e-11
4.485835e-09 4.306129e-11
4.509690e-09 4.296928e-11
4.533671e-09 4.288074e-11
4.557780e-09 4.279564e-11
4.582017e-09 4.271399e-11
4.606383e-09 4.263578e-11
4.630878e-09 4.256100e-11
4.655504e-09 4.248964e-11
4.680260e-09 4.242169e-11
4.705148e-09 4.235714e-11
4.730169e-09 4.229599e-11
4.755323e-09 4.223821e-11
4.780610e-09 4.218380e-11
4.806032e-09 4.213274e-11
4.831589e-09 4.208502e-11
4.857282e-09 4.204064e-11
4.883112e-09 4.199959e-11
4.909079e-09 4.196184e-11
4.935184e-09 4.192739e-11
4.961428e-09 4.189623e-11
4.987811e-09 4.186835e-11
5.014335e-09 4.184374e-11
5.041000e-09 4.182237e-11
5.067806e-09 4.180425e-11
5.094755e-09 4.178936e-11
5.121848e-09 4.177767e-11
5.149084e-09 4.176917e-11
5.176466e-09 4.176384e-11
5.203993e-09 4.176165e-11
5.231666e-09 4.176257e-11
5.259486e-09 4.176658e-11
5.287455e-09 4.177364e-11
5.315572e-09 4.178372e-11
5.343839e-09 4.179679e-11
5.372256e-09 4.181279e-11
5.400824e-09 4.183169e-11
5.429544e-09 4.185343e-11
5.458416e-09 4.187797e-11
5.487443e-09 4.190524e-11
5.516623e-09 4.193519e-11
5.545959e-09 4.196773e-11
5.575451e-09 4.200280e-11
5.605100e-09 4.204032e-11
5.634906e-09 4.208019e-11
5.664871e-09 4.212234e-11
5.694995e-09 4.216665e-11
5.725279e-09 4.221302e-11
5.755725e-09 4.226132e-11
5.786332e-09 4.231144e-11
5.817102e-09 4.236323e-11
5.848035e-09 4.241655e-11
5.879134e-09 4.247124e-11
5.910397e-09 4.252714e-11
5.941827e-09 4.258409e-11
5.973424e-09 4.264189e-11
6.005189e-09 4.270035e-11
6.037123e-09 4.275925e-11
6.069226e-09 4.281838e-11
6.101501e-09 4.287749e-11
6.133947e-09 4.293635e-11
6.166565e-09 4.299468e-11
6.199357e-09 4.305222e-11
6.232324e-09 4.310868e-11
6.265465e-09 4.316377e-11
6.298783e-09 4.321718e-11
6.332278e-09 4.326856e-11
6.365952e-09 4.331759e-11
6.399804e-09 4.336392e-11
6.433836e-09 4.340721e-11
6.468049e-09 4.344709e-11
6.502445e-09 4.348320e-11
6.537023e-09 4.351516e-11
6.571785e-09 4.354258e-11
6.606732e-09 4.356507e-11
6.641864e-09 4.358226e-11
6.677184e-09 4.359377e-11
6.712691e-09 4.359922e-11
6.748387e-09 4.359824e-11
6.784273e-09 4.359047e-11
6.820350e-09 4.357556e-11
6.856619e-09 4.355318e-11
6.893080e-09 4.352302e-11
6.929736e-09 4.348483e-11
6.966586e-09 4.343836e-11
7.003632e-09 4.338340e-11
7.040876e-09 4.331977e-11
7.078317e-09 4.324734e-11
7.115957e-09 4.316604e-11
7.153798e-09 4.307585e-11
7.191840e-09 4.297683e-11
7.230084e-09 4.286907e-11
7.268531e-09 4.275275e-11
7.307183e-09 4.262817e-11
7.346041e-09 4.249573e-11
7.385105e-09 4.235597e-11
7.424377e-09 4.220952e-11
7.463857e-09 4.205712e-11
7.503548e-09 4.189959e-11
7.543450e-09 4.173780e-11
7.583564e-09 4.157264e-11
7.623891e-09 4.140499e-11
7.664432e-09 4.123572e-11
7.705190e-09 4.106565e-11
7.746164e-09 4.089561e-11
7.787355e-09 4.072637e-11
7.828766e-09 4.055868e-11
7.870397e-09 4.039323e-11
7.912250e-09 4.023064e-11
7.954325e-09 4.007152e-11
7.996624e-09 3.991643e-11
8.039148e-09 3.976588e-11
8.081897e-09 3.962031e-11
8.124875e-09 3.948013e-11
8.168080e-09 3.934569e-11
8.211516e-09 3.921732e-11
8.255182e-09 3.909530e-11
8.299081e-09 3.897983e-11
8.343213e-09 3.887111e-11
8.387580e-09 3.876931e-11
8.432183e-09 3.867453e-11
8.477022e-09 3.858683e-11
8.522101e-09 3.850624e-11
8.567419e-09 3.843278e-11
8.612978e-09 3.836641e-11
8.658779e-09 3.830706e-11
8.704824e-09 3.825461e-11
8.751114e-09 3.820896e-11
8.797650e-09 3.816992e-11
8.844433e-09 3.813731e-11
8.891465e-09 3.811089e-11
8.938747e-09 3.809044e-11
8.986281e-09 3.807569e-11
9.034068e-09 3.806634e-11
9.082108e-09 3.806208e-11
9.130404e-09 3.806260e-11
9.178957e-09 3.806754e-11
9.227768e-09 3.807655e-11
9.276839e-09 3.808926e-11
9.326170e-09 3.810530e-11
9.375764e-09 3.812425e-11
9.425622e-09 3.814573e-11
9.475744e-09 3.816937e-11
9.526134e-09 3.819476e-11
9.576791e-09 3.822152e-11
9.627717e-09 3.824932e-11
9.678915e-09 3.827778e-11
9.730384e-09 3.830658e-11
9.782128e-09 3.833545e-11
9.834146e-09 3.836414e-11
9.886441e-09 3.839241e-11
9.939015e-09 3.842007e-11
9.991867e-09 3.844700e-11
1.004500e-08 3.847309e-11
1.009842e-08 3.849832e-11
1.015212e-08 3.852270e-11
1.020610e-08 3.854626e-11
1.026038e-08 3.856915e-11
1.031494e-08 3.859155e-11
1.036979e-08 3.861368e-11
1.042493e-08 3.863585e-11
1.048037e-08 3.865837e-11
1.053610e-08 3.868164e-11
1.059213e-08 3.870615e-11
1.064846e-08 3.873234e-11
1.070508e-08 3.876074e-11
1.076201e-08 3.879191e-11
1.081924e-08 3.882643e-11
1.087677e-08 3.886491e-11
1.093461e-08 3.890795e-11
1.099276e-08 3.895616e-11
1.105121e-08 3.901018e-11
1.110998e-08 3.907060e-11
1.116906e-08 3.913801e-11
1.122845e-08 3.921295e-11
1.128816e-08 3.929594e-11
1.134819e-08 3.938746e-11
1.140854e-08 3.948788e-11
1.146921e-08 3.959750e-11
1.153020e-08 3.971656e-11
1.159151e-08 3.984520e-11
1.165315e-08 3.998338e-11
1.171512e-08 4.013096e-11
1.177742e-08 4.028765e-11
1.184004e-08 4.045298e-11
1.190301e-08 4.062628e-11
1.196630e-08 4.080670e-11
1.202994e-08 4.099319e-11
1.209391e-08 4.118439e-11
1.215822e-08 4.137880e-11
1.222287e-08 4.157469e-11
1.228787e-08 4.177006e-11
1.235321e-08 4.196273e-11
1.241891e-08 4.215042e-11
1.248495e-08 4.233075e-11
1.255134e-08 4.250137e-11
1.261808e-08 4.266021e-11
1.268518e-08 4.280558e-11
1.275264e-08 4.293644e-11
1.282045e-08 4.305262e-11
1.288863e-08 4.315477e-11
1.295717e-08 4.324417e-11
1.302607e-08 4.332275e-11
1.309534e-08 4.339267e-11
1.316497e-08 4.345613e-11
1.323498e-08 4.351532e-11
1.330536e-08 4.357224e-11
1.337612e-08 4.362868e-11
1.344725e-08 4.368624e-11
1.351875e-08 4.374612e-11
1.359064e-08 4.380930e-11
1.366291e-08 4.387645e-11
1.373557e-08 4.394784e-11
1.380861e-08 4.402352e-11
1.388204e-08 4.410321e-11
1.395586e-08 4.418641e-11
1.403008e-08 4.427240e-11
1.410468e-08 4.436022e-11
1.417969e-08 4.444894e-11
1.425509e-08 4.453748e-11
1.433090e-08 4.462475e-11
1.440710e-08 4.470981e-11
1.448372e-08 4.479184e-11
1.456074e-08 4.487017e-11
1.463817e-08 4.494441e-11
1.471601e-08 4.501446e-11
1.479426e-08 4.508049e-11
1.487293e-08 4.514297e-11
1.495202e-08 4.520275e-11
1.503153e-08 4.526081e-11
1.511147e-08 4.531840e-11
1.519183e-08 4.537693e-11
1.527261e-08 4.543782e-11
1.535383e-08 4.550240e-11
1.543547e-08 4.557194e-11
1.551756e-08 4.564734e-11
1.560007e-08 4.572911e-11
1.568303e-08 4.581731e-11
1.576643e-08 4.591136e-11
1.585027e-08 4.600997e-11
1.593456e-08 4.611117e-11
1.601929e-08 4.621218e-11
1.610448e-08 4.630973e-11
1.619012e-08 4.640013e-11
1.627621e-08 4.647976e-11
1.636276e-08 4.654583e-11
1.644978e-08 4.659686e-11
1.653725e-08 4.663314e-11
1.662519e-08 4.665703e-11
1.671360e-08 4.667222e-11
1.680248e-08 4.668330e-11
1.689183e-08 4.669470e-11
1.698165e-08 4.671028e-11
1.707196e-08 4.673284e-11
1.716274e-08 4.676403e-11
1.725401e-08 4.680454e-11
1.734576e-08 4.685388e-11
1.743800e-08 4.691092e-11
1.753073e-08 4.697396e-11
1.762395e-08 4.704083e-11
1.771767e-08 4.710945e-11
1.781189e-08 4.717792e-11
1.790661e-08 4.724475e-11
1.800183e-08 4.730915e-11
1.809756e-08 4.737113e-11
1.819380e-08 4.743139e-11
1.829055e-08 4.749151e-11
1.838781e-08 4.755348e-11
1.848559e-08 4.761967e-11
1.858389e-08 4.769236e-11
1.868272e-08 4.777335e-11
1.878206e-08 4.786358e-11
1.888194e-08 4.796277e-11
1.898235e-08 4.806906e-11
1.908329e-08 4.817922e-11
1.918477e-08 4.828858e-11
1.928679e-08 4.839232e-11
1.938935e-08 4.848630e-11
1.949246e-08 4.856842e-11
1.959612e-08 4.863946e-11
1.970032e-08 4.870292e-11
1.980508e-08 4.876404e-11
1.991040e-08 4.882824e-11
2.001628e-08 4.889987e-11
2.012272e-08 4.898107e-11
2.022973e-08 4.907203e-11
2.033730e-08 4.917102e-11
2.044545e-08 4.927519e-11
2.055417e-08 4.938137e-11
2.066347e-08 4.948657e-11
2.077336e-08 4.958904e-11
2.088382e-08 4.968824e-11
2.099488e-08 4.978532e-11
2.110652e-08 4.988275e-11
2.121876e-08 4.998369e-11
2.133160e-08 5.009132e-11
2.144503e-08 5.020775e-11
2.155907e-08 5.033306e-11
2.167371e-08 5.046505e-11
2.178897e-08 5.059914e-11
2.190484e-08 5.072983e-11
2.202132e-08 5.085235e-11
2.213842e-08 5.096473e-11
2.225615e-08 5.106864e-11
2.237450e-08 5.116894e-11
2.249348e-08 5.127163e-11
2.261309e-08 5.138153e-11
2.273334e-08 5.150065e-11
2.285423e-08 5.162777e-11
2.297577e-08 5.175967e-11
2.309794e-08 5.189228e-11
2.322077e-08 5.202257e-11
2.334425e-08 5.214947e-11
2.346839e-08 5.227435e-11
2.359319e-08 5.240043e-11
2.371865e-08 5.253156e-11
2.384478e-08 5.267034e-11
2.397158e-08 5.281684e-11
2.409905e-08 5.296802e-11
2.422721e-08 5.311859e-11
2.435604e-08 5.326365e-11
2.448556e-08 5.340088e-11
2.461576e-08 5.353219e-11
2.474666e-08 5.366261e-11
2.487826e-08 5.379778e-11
2.501056e-08 5.394072e-11
2.514355e-08 5.409092e-11
2.527726e-08 5.424495e-11
2.541168e-08 5.439878e-11
2.554681e-08 5.455026e-11
2.568266e-08 5.470008e-11
2.581923e-08 5.485148e-11
2.595653e-08 5.500802e-11
2.609456e-08 5.517135e-11
2.623332e-08 5.533999e-11
2.637283e-08 5.550952e-11
2.651307e-08 5.567572e-11
2.665406e-08 5.583688e-11
2.679580e-08 5.599548e-11
2.693829e-08 5.615624e-11
2.708154e-08 5.632313e-11
2.722555e-08 5.649644e-11
2.737033e-08 5.667351e-11
2.751588e-08 5.685092e-11
2.766220e-08 5.702731e-11
2.780930e-08 5.720437e-11
2.795718e-08 5.738524e-11
2.810585e-08 5.757174e-11
2.825530e-08 5.776279e-11
2.840556e-08 5.795486e-11
2.855661e-08 5.814513e-11
2.870847e-08 5.833349e-11
2.886113e-08 5.852301e-11
2.901461e-08 5.871721e-11
2.916890e-08 5.891698e-11
2.932401e-08 5.912034e-11
2.947994e-08 5.932481e-11
2.963671e-08 5.952988e-11
2.979431e-08 5.973742e-11
2.995275e-08 5.994950e-11
3.011203e-08 6.016608e-11
3.027215e-08 6.038480e-11
3.043313e-08 6.060366e-11
3.059497e-08 6.082287e-11
3.075766e-08 6.104470e-11
3.092122e-08 6.127125e-11
3.108565e-08 6.150215e-11
3.125096e-08 6.173563e-11
3.141714e-08 6.197082e-11
3.158421e-08 6.220865e-11
3.175216e-08 6.245061e-11
3.192101e-08 6.269657e-11
3.209076e-08 6.294509e-11
3.226141e-08 6.319494e-11
3.243297e-08 6.344714e-11
3.260543e-08 6.370331e-11
3.277882e-08 6.396378e-11
3.295313e-08 6.422760e-11
3.312836e-08 6.449406e-11
3.330453e-08 6.476365e-11
3.348164e-08 6.503725e-11
3.365968e-08 6.531475e-11
3.383867e-08 6.559510e-11
3.401862e-08 6.587815e-11
3.419952e-08 6.616485e-11
3.438138e-08 6.645574e-11
3.456421e-08 6.675052e-11
3.474801e-08 6.704870e-11
3.493279e-08 6.735041e-11
3.511856e-08 6.765622e-11
3.530531e-08 6.796613e-11
3.549305e-08 6.827945e-11
3.568179e-08 6.859640e-11
3.587154e-08 6.891754e-11
3.606229e-08 6.924302e-11
3.625406e-08 6.957251e-11
3.644685e-08 6.990593e-11
3.664066e-08 7.024362e-11
3.683551e-08 7.058568e-11
3.703139e-08 7.093186e-11
3.722831e-08 7.128226e-11
3.742628e-08 7.163719e-11
3.762530e-08 7.199667e-11
3.782538e-08 7.236054e-11
3.802653e-08 7.272898e-11
3.822874e-08 7.310215e-11
3.843203e-08 7.347992e-11
3.863640e-08 7.386239e-11
3.884186e-08 7.424976e-11
3.904841e-08 7.464203e-11
3.925606e-08 7.503916e-11
3.946481e-08 7.544128e-11
3.967467e-08 7.584849e-11
3.988565e-08 7.626080e-11
4.009775e-08 7.667828e-11
4.031098e-08 7.710110e-11
4.052534e-08 7.752923e-11
4.074084e-08 7.796269e-11
4.095749e-08 7.840162e-11
4.117529e-08 7.884614e-11
4.139425e-08 7.929625e-11
4.161437e-08 7.975215e-11
4.183566e-08 8.021390e-11
4.205813e-08 8.068138e-11
4.228179e-08 8.115476e-11
4.250663e-08 8.163424e-11
4.273267e-08 8.211991e-11
4.295991e-08 8.261174e-11
4.318836e-08 8.310979e-11
4.341802e-08 8.361425e-11
4.364890e-08 8.412524e-11
4.388101e-08 8.464276e-11
4.411436e-08 8.516693e-11
4.434895e-08 8.569789e-11
4.458478e-08 8.623560e-11
4.482187e-08 8.678027e-11
4.506022e-08 8.733208e-11
4.529984e-08 8.789096e-11
4.554073e-08 8.845705e-11
4.578290e-08 8.903051e-11
4.602636e-08 8.961149e-11
4.627112e-08 9.020012e-11
4.651717e-08 9.079632e-11
4.676454e-08 9.140028e-11
4.701322e-08 9.201220e-11
4.726322e-08 9.263219e-11
4.751455e-08 9.326022e-11
4.776722e-08 9.389653e-11
4.802124e-08 9.454126e-11
4.827660e-08 9.519459e-11
4.853332e-08 9.585658e-11
4.879141e-08 9.652725e-11
4.905086e-08 9.720691e-11
4.931170e-08 9.789565e-11
4.957393e-08 9.859362e-11
4.983755e-08 9.930098e-11
5.010257e-08 1.000179e-10
5.036900e-08 1.007445e-10
5.063685e-08 1.014807e-10
5.090612e-08 1.022270e-10
5.117682e-08 1.029833e-10
5.144897e-08 1.037499e-10
5.172256e-08 1.045269e-10
5.199760e-08 1.053144e-10
5.227411e-08 1.061128e-10
5.255209e-08 1.069219e-10
5.283155e-08 1.077421e-10
5.311249e-08 1.085737e-10
5.339493e-08 1.094167e-10
5.367887e-08 1.102714e-10
5.396431e-08 1.111379e-10
5.425128e-08 1.120165e-10
5.453977e-08 1.129074e-10
5.482980e-08 1.138106e-10
5.512137e-08 1.147267e-10
5.541449e-08 1.156555e-10
5.570917e-08 1.165973e-10
5.600541e-08 1.175525e-10
5.630323e-08 1.185212e-10
5.660264e-08 1.195037e-10
5.690363e-08 1.204999e-10
5.720623e-08 1.215101e-10
5.751044e-08 1.225351e-10
5.781626e-08 1.235746e-10
5.812371e-08 1.246292e-10
5.843280e-08 1.256989e-10
5.874352e-08 1.267840e-10
5.905591e-08 1.278849e-10
5.936995e-08 1.290018e-10
5.968566e-08 1.301350e-10
6.000305e-08 1.312849e-10
6.032213e-08 1.324515e-10
6.064290e-08 1.336355e-10
6.096539e-08 1.348368e-10
6.128958e-08 1.360553e-10
6.161550e-08 1.372919e-10
6.194316e-08 1.385471e-10
6.227255e-08 1.398209e-10
6.260370e-08 1.411134e-10
6.293661e-08 1.424257e-10
6.327129e-08 1.437575e-10
6.360774e-08 1.451096e-10
6.394599e-08 1.464820e-10
6.428604e-08 1.478753e-10
6.462789e-08 1.492894e-10
6.497157e-08 1.507257e-10
6.531707e-08 1.521838e-10
6.566440e-08 1.536637e-10
6.601359e-08 1.551667e-10
6.636463e-08 1.566926e-10
6.671754e-08 1.582421e-10
6.707232e-08 1.598159e-10
6.742899e-08 1.614142e-10
6.778756e-08 1.630377e-10
6.814803e-08 1.646866e-10
6.851043e-08 1.663615e-10
6.887474e-08 1.680633e-10
6.924100e-08 1.697906e-10
6.960920e-08 1.715460e-10
6.997936e-08 1.733286e-10
7.035149e-08 1.751401e-10
7.072560e-08 1.769804e-10
7.110170e-08 1.788502e-10
7.147980e-08 1.807504e-10
7.185991e-08 1.826816e-10
7.224204e-08 1.846433e-10
7.262620e-08 1.866374e-10
7.301241e-08 1.886645e-10
7.340067e-08 1.907239e-10
7.379099e-08 1.928170e-10
7.418339e-08 1.949450e-10
7.457787e-08 1.971080e-10
7.497446e-08 1.993071e-10
7.537315e-08 2.015436e-10
7.577396e-08 2.038167e-10
7.617691e-08 2.061281e-10
7.658199e-08 2.084781e-10
7.698923e-08 2.108667e-10
7.739864e-08 2.132957e-10
7.781022e-08 2.157668e-10
7.822400e-08 2.182789e-10
7.863997e-08 2.208350e-10
7.905815e-08 2.234341e-10
7.947856e-08 2.260790e-10
7.990121e-08 2.287682e-10
8.032610e-08 2.315044e-10
8.075325e-08 2.342877e-10
8.118267e-08 2.371197e-10
8.161438e-08 2.400015e-10
8.204838e-08 2.429339e-10
8.248469e-08 2.459197e-10
8.292332e-08 2.489562e-10
8.336428e-08 2.520471e-10
8.380759e-08 2.551906e-10
8.425325e-08 2.583911e-10
8.470128e-08 2.616498e-10
8.515170e-08 2.649666e-10
8.560451e-08 2.683430e-10
8.605973e-08 2.717813e-10
8.651737e-08 2.752809e-10
8.697745e-08 2.788439e-10
8.743997e-08 2.824721e-10
8.790495e-08 2.861679e-10
8.837240e-08 2.899330e-10
8.884234e-08 2.937673e-10
8.931478e-08 2.976715e-10
8.978973e-08 3.016467e-10
9.026721e-08 3.056948e-10
9.074722e-08 3.098212e-10
9.122979e-08 3.140253e-10
9.171492e-08 3.183080e-10
9.220263e-08 3.226714e-10
9.269294e-08 3.271168e-10
9.318586e-08 3.316469e-10
9.368139e-08 3.362668e-10
9.417956e-08 3.409759e-10
9.468038e-08 3.457745e-10
9.518386e-08 3.506634e-10
9.569002e-08 3.556459e-10
9.619888e-08 3.607253e-10
9.671043e-08 3.659071e-10
9.722471e-08 3.711902e-10
9.774172e-08 3.765750e-10
9.826149e-08 3.820647e-10
9.878401e-08 3.876642e-10
9.930932e-08 3.933796e-10
9.983742e-08 3.992107e-10
1.003683e-07 4.051526e-10
1.009021e-07 4.112117e-10
1.014386e-07 4.173944e-10
1.019780e-07 4.237040e-10
1.025203e-07 4.301433e-10
1.030655e-07 4.367109e-10
1.036136e-07 4.434097e-10
1.041646e-07 4.502503e-10
1.047185e-07 4.572402e-10
1.052753e-07 4.643688e-10
1.058352e-07 4.716386e-10
1.063980e-07 4.790623e-10
1.069638e-07 4.866435e-10
1.075326e-07 4.943839e-10
1.081044e-07 5.022837e-10
1.086793e-07 5.103500e-10
1.092572e-07 5.185963e-10
1.098382e-07 5.270222e-10
1.104223e-07 5.356164e-10
1.110095e-07 5.443901e-10
1.115998e-07 5.533586e-10
1.121932e-07 5.625265e-10
1.127898e-07 5.718850e-10
1.133896e-07 5.814445e-10
1.139926e-07 5.912279e-10
1.145988e-07 6.012304e-10
1.152082e-07 6.114331e-10
1.158208e-07 6.218622e-10
1.164367e-07 6.325283e-10
1.170559e-07 6.434323e-10
1.176784e-07 6.545713e-10
1.183042e-07 6.659719e-10
1.189333e-07 6.776491e-10
1.195657e-07 6.895623e-10
1.202015e-07 7.017407e-10
1.208407e-07 7.142070e-10
1.214833e-07 7.269553e-10
1.221293e-07 7.399832e-10
1.227788e-07 7.533415e-10
1.234317e-07 7.670185e-10
1.240881e-07 7.809679e-10
1.247479e-07 7.952561e-10
1.254113e-07 8.098866e-10
1.260782e-07 8.248437e-10
1.267486e-07 8.401642e-10
1.274227e-07 8.558897e-10
1.281003e-07 8.719374e-10
1.287815e-07 8.883634e-10
1.294663e-07 9.052031e-10
1.301547e-07 9.224234e-10
1.308469e-07 9.400799e-10
1.315427e-07 9.582089e-10
1.322422e-07 9.767015e-10
1.329454e-07 9.956654e-10
1.336524e-07 1.015102e-09
1.343631e-07 1.034986e-09
1.350776e-07 1.055441e-09
1.357959e-07 1.076365e-09
1.365180e-07 1.097756e-09
1.372440e-07 1.119736e-09
1.379738e-07 1.142210e-09
1.387075e-07 1.165317e-09
1.394451e-07 1.189033e-09
1.401867e-07 1.213244e-09
1.409321e-07 1.238138e-09
1.416816e-07 1.263607e-09
1.424350e-07 1.289813e-09
1.431924e-07 1.316719e-09
1.439539e-07 1.344187e-09
1.447194e-07 1.372466e-09
1.454889e-07 1.401368e-09
1.462626e-07 1.431233e-09
1.470404e-07 1.461738e-09
1.478223e-07 1.493032e-09
1.486084e-07 1.525177e-09
1.493986e-07 1.558147e-09
1.501931e-07 1.592209e-09
1.509918e-07 1.626884e-09
1.517947e-07 1.662661e-09
1.526019e-07 1.699230e-09
1.534134e-07 1.737173e-09
1.542292e-07 1.775740e-09
1.550494e-07 1.815566e-09
1.558739e-07 1.856269e-09
1.567028e-07 1.898553e-09
1.575361e-07 1.941540e-09
1.583738e-07 1.985938e-09
1.592160e-07 2.031314e-09
1.600626e-07 2.078544e-09
1.609138e-07 2.126510e-09
1.617695e-07 2.176106e-09
1.626298e-07 2.226805e-09
1.634946e-07 2.279634e-09
1.643640e-07 2.333264e-09
1.652380e-07 2.388647e-09
1.661167e-07 2.445784e-09
1.670001e-07 2.504479e-09
1.678881e-07 2.564862e-09
1.687809e-07 2.626594e-09
1.696784e-07 2.691234e-09
1.705807e-07 2.756688e-09
1.714878e-07 2.824347e-09
1.723998e-07 2.894547e-09
1.733165e-07 2.966079e-09
1.742382e-07 3.040204e-09
1.751647e-07 3.116217e-09
1.760962e-07 3.195011e-09
1.770326e-07 3.275956e-09
1.779740e-07 3.358718e-09
1.789205e-07 3.445350e-09
1.798719e-07 3.533784e-09
1.808284e-07 3.624251e-09
1.817900e-07 3.719325e-09
1.827567e-07 3.816184e-09
1.837286e-07 3.915346e-09
1.847056e-07 4.019434e-09
1.856878e-07 4.125864e-09
1.866752e-07 4.235074e-09
1.876679e-07 4.348576e-09
1.886659e-07 4.465564e-09
1.896691e-07 4.586957e-09
1.906777e-07 4.710386e-09
1.916917e-07 4.838129e-09
1.927111e-07 4.973137e-09
1.937359e-07 5.109254e-09
1.947661e-07 5.249248e-09
1.958018e-07 5.396373e-09
1.968430e-07 5.547290e-09
1.978898e-07 5.705490e-09
1.989421e-07 5.865103e-09
2.000000e-07 6.029559e-09
