# sqrt(Delta_m21^2) [eV]    g_BabyIAXO [GeV^-1]    (varphi = pi/4, w_res = 100 eV)
1.000000e-03 2.526177e-07
1.005318e-03 1.861643e-07
1.010664e-03 1.691431e-07
1.016038e-03 1.558373e-07
1.021441e-03 1.208650e-07
1.026873e-03 2.384732e-07
1.032333e-03 2.162878e-07
1.037823e-03 2.286879e-07
1.043342e-03 2.161492e-07
1.048890e-03 1.682528e-07
1.054468e-03 2.015337e-07
1.060075e-03 1.978895e-07
1.065712e-03 1.325491e-07
1.071380e-03 1.096000e-07
1.077077e-03 1.081354e-07
1.082804e-03 1.201293e-07
1.088562e-03 1.013586e-07
1.094351e-03 1.843264e-07
1.100171e-03 1.224320e-07
1.106021e-03 1.787135e-07
1.111902e-03 1.743732e-07
1.117815e-03 1.241997e-07
1.123759e-03 1.331728e-07
1.129735e-03 8.992845e-08
1.135743e-03 1.561996e-07
1.141782e-03 1.421057e-07
1.147854e-03 1.539579e-07
1.153958e-03 1.510199e-07
1.160094e-03 1.454268e-07
1.166263e-03 1.390336e-07
1.172465e-03 1.401973e-07
1.178700e-03 9.021345e-08
1.184968e-03 1.316004e-07
1.191269e-03 1.327944e-07
1.197604e-03 1.302021e-07
1.203973e-03 1.270428e-07
1.210375e-03 1.248555e-07
1.216812e-03 1.099495e-07
1.223282e-03 1.183965e-07
1.229787e-03 1.017577e-07
1.236327e-03 1.079633e-07
1.242901e-03 1.122482e-07
1.249511e-03 1.073313e-07
1.256155e-03 1.062204e-07
1.262835e-03 1.053044e-07
1.269551e-03 1.030998e-07
1.276302e-03 8.078935e-08
1.283089e-03 9.269928e-08
1.289912e-03 9.498576e-08
1.296771e-03 9.356403e-08
1.303667e-03 9.217291e-08
1.310600e-03 9.008053e-08
1.317569e-03 8.868974e-08
1.324575e-03 8.707002e-08
1.331619e-03 7.902723e-08
1.338700e-03 8.276277e-08
1.345819e-03 8.139823e-08
1.352976e-03 7.626571e-08
1.360170e-03 7.830308e-08
1.367403e-03 7.633360e-08
1.374675e-03 7.507001e-08
1.381985e-03 7.288999e-08
1.389334e-03 7.194062e-08
1.396722e-03 6.977700e-08
1.404149e-03 6.894873e-08
1.411616e-03 6.492206e-08
1.419123e-03 6.602748e-08
1.426669e-03 6.466026e-08
1.434256e-03 6.305236e-08
1.441883e-03 6.195266e-08
1.449550e-03 6.062165e-08
1.457259e-03 5.942336e-08
1.465008e-03 5.762656e-08
1.472798e-03 5.620721e-08
1.480630e-03 5.503381e-08
1.488504e-03 5.460400e-08
1.496419e-03 5.202576e-08
1.504377e-03 5.228028e-08
1.512377e-03 5.095244e-08
1.520419e-03 5.014143e-08
1.528504e-03 4.914712e-08
1.536632e-03 4.799561e-08
1.544804e-03 4.710002e-08
1.553019e-03 4.539137e-08
1.561277e-03 4.466125e-08
1.569580e-03 4.415778e-08
1.577926e-03 4.327876e-08
1.586317e-03 4.221428e-08
1.594753e-03 4.139338e-08
1.603233e-03 4.059942e-08
1.611759e-03 3.967082e-08
1.620329e-03 3.893619e-08
1.628946e-03 3.811446e-08
1.637608e-03 3.730564e-08
1.646317e-03 3.623565e-08
1.655071e-03 3.577121e-08
1.663872e-03 3.501687e-08
1.672720e-03 3.427841e-08
1.681615e-03 3.357513e-08
1.690558e-03 3.284723e-08
1.699548e-03 3.215583e-08
1.708585e-03 3.150668e-08
1.717671e-03 3.079185e-08
1.726805e-03 3.020532e-08
1.735988e-03 2.951864e-08
1.745219e-03 2.893259e-08
1.754500e-03 2.833127e-08
1.763830e-03 2.775445e-08
1.773209e-03 2.716754e-08
1.782639e-03 2.656633e-08
1.792118e-03 2.604391e-08
1.801648e-03 2.549977e-08
1.811229e-03 2.497128e-08
1.820860e-03 2.444631e-08
1.830543e-03 2.393699e-08
1.840278e-03 2.343047e-08
1.850064e-03 2.294294e-08
1.859902e-03 2.246728e-08
1.869792e-03 2.199726e-08
1.879735e-03 2.153062e-08
1.889731e-03 2.108749e-08
1.899780e-03 2.064668e-08
1.909883e-03 2.020980e-08
1.920039e-03 1.979044e-08
1.930249e-03 1.937679e-08
1.940513e-03 1.897261e-08
1.950833e-03 1.857756e-08
1.961207e-03 1.818667e-08
1.971636e-03 1.779659e-08
1.982120e-03 1.743436e-08
1.992661e-03 1.707122e-08
2.003257e-03 1.671483e-08
2.013910e-03 1.636643e-08
2.024619e-03 1.602549e-08
2.035385e-03 1.569206e-08
2.046209e-03 1.536448e-08
2.057090e-03 1.503960e-08
2.068029e-03 1.473015e-08
2.079026e-03 1.442263e-08
2.090082e-03 1.412170e-08
2.101196e-03 1.382747e-08
2.112370e-03 1.353913e-08
2.123603e-03 1.325632e-08
2.134896e-03 1.297950e-08
2.146248e-03 1.270985e-08
2.157662e-03 1.244505e-08
2.169135e-03 1.218546e-08
2.180670e-03 1.193124e-08
2.192266e-03 1.168287e-08
2.203924e-03 1.143919e-08
2.215644e-03 1.120148e-08
2.227426e-03 1.096860e-08
2.239271e-03 1.073980e-08
2.251179e-03 1.051650e-08
2.263150e-03 1.029793e-08
2.275185e-03 1.008353e-08
2.287284e-03 9.873784e-09
2.299447e-03 9.668337e-09
2.311674e-03 9.467593e-09
2.323967e-03 9.270637e-09
2.336325e-03 9.078103e-09
2.348749e-03 8.889227e-09
2.361239e-03 8.704737e-09
2.373796e-03 8.524036e-09
2.386419e-03 8.347050e-09
2.399109e-03 8.173851e-09
2.411867e-03 8.004150e-09
2.424692e-03 7.838103e-09
2.437586e-03 7.675570e-09
2.450549e-03 7.516421e-09
2.463580e-03 7.360424e-09
2.476681e-03 7.208008e-09
2.489851e-03 7.058668e-09
2.503091e-03 6.912518e-09
2.516402e-03 6.769351e-09
2.529783e-03 6.629266e-09
2.543236e-03 6.492072e-09
2.556760e-03 6.357782e-09
2.570356e-03 6.226314e-09
2.584025e-03 6.097546e-09
2.597766e-03 5.971587e-09
2.611580e-03 5.848224e-09
2.625468e-03 5.727444e-09
2.639429e-03 5.609215e-09
2.653465e-03 5.493465e-09
2.667575e-03 5.380157e-09
2.681761e-03 5.269214e-09
2.696021e-03 5.160621e-09
2.710358e-03 5.054293e-09
2.724771e-03 4.950213e-09
2.739260e-03 4.848316e-09
2.753827e-03 4.748563e-09
2.768471e-03 4.650909e-09
2.783193e-03 4.555304e-09
2.797993e-03 4.461712e-09
2.812872e-03 4.370082e-09
2.827830e-03 4.280385e-09
2.842868e-03 4.192566e-09
2.857985e-03 4.106609e-09
2.873183e-03 4.022457e-09
2.888462e-03 3.940071e-09
2.903822e-03 3.859415e-09
2.919264e-03 3.780464e-09
2.934788e-03 3.703170e-09
2.950394e-03 3.627503e-09
2.966083e-03 3.553429e-09
2.981856e-03 3.480914e-09
2.997713e-03 3.409926e-09
3.013654e-03 3.340432e-09
3.029679e-03 3.272402e-09
3.045790e-03 3.205805e-09
3.061987e-03 3.140611e-09
3.078270e-03 3.076791e-09
3.094639e-03 3.014314e-09
3.111095e-03 2.953155e-09
3.127639e-03 2.893285e-09
3.144271e-03 2.834677e-09
3.160992e-03 2.777304e-09
3.177801e-03 2.721143e-09
3.194699e-03 2.666165e-09
3.211688e-03 2.612347e-09
3.228767e-03 2.559664e-09
3.245936e-03 2.508094e-09
3.263197e-03 2.457613e-09
3.280550e-03 2.408197e-09
3.297995e-03 2.359825e-09
3.315533e-03 2.312475e-09
3.333164e-03 2.266126e-09
3.350889e-03 2.220756e-09
3.368708e-03 2.176346e-09
3.386622e-03 2.132875e-09
3.404631e-03 2.090323e-09
3.422735e-03 2.048673e-09
3.440937e-03 2.007903e-09
3.459234e-03 1.967998e-09
3.477630e-03 1.928937e-09
3.496123e-03 1.890705e-09
3.514714e-03 1.853283e-09
3.533404e-03 1.816654e-09
3.552194e-03 1.780803e-09
3.571083e-03 1.745713e-09
3.590073e-03 1.711368e-09
3.609164e-03 1.677753e-09
3.628357e-03 1.644852e-09
3.647651e-03 1.612651e-09
3.667049e-03 1.581135e-09
3.686549e-03 1.550290e-09
3.706153e-03 1.520102e-09
3.725861e-03 1.490557e-09
3.745674e-03 1.461643e-09
3.765593e-03 1.433345e-09
3.785617e-03 1.405652e-09
3.805748e-03 1.378550e-09
3.825986e-03 1.352028e-09
3.846331e-03 1.326073e-09
3.866785e-03 1.300674e-09
3.887347e-03 1.275819e-09
3.908019e-03 1.251496e-09
3.928801e-03 1.227696e-09
3.949693e-03 1.204407e-09
3.970696e-03 1.181619e-09
3.991811e-03 1.159321e-09
4.013039e-03 1.137502e-09
4.034379e-03 1.116155e-09
4.055832e-03 1.095267e-09
4.077400e-03 1.074831e-09
4.099083e-03 1.054836e-09
4.120880e-03 1.035274e-09
4.142794e-03 1.016136e-09
4.164824e-03 9.974128e-10
4.186971e-03 9.790960e-10
4.209237e-03 9.611772e-10
4.231620e-03 9.436484e-10
4.254123e-03 9.265013e-10
4.276745e-03 9.097283e-10
4.299487e-03 8.933215e-10
4.322351e-03 8.772735e-10
4.345336e-03 8.615769e-10
4.368443e-03 8.462244e-10
4.391673e-03 8.312089e-10
4.415027e-03 8.165234e-10
4.438505e-03 8.021613e-10
4.462107e-03 7.881157e-10
4.485835e-03 7.743802e-10
4.509690e-03 7.609484e-10
4.533671e-03 7.478139e-10
4.557780e-03 7.349706e-10
4.582017e-03 7.224124e-10
4.606383e-03 7.101334e-10
4.630878e-03 6.981279e-10
4.655504e-03 6.863900e-10
4.680260e-03 6.749142e-10
4.705148e-03 6.636950e-10
4.730169e-03 6.527270e-10
4.755323e-03 6.420048e-10
4.780610e-03 6.315234e-10
4.806032e-03 6.212774e-10
4.831589e-03 6.112619e-10
4.857282e-03 6.014720e-10
4.883112e-03 5.919027e-10
4.909079e-03 5.825493e-10
4.935184e-03 5.734071e-10
4.961428e-03 5.644713e-10
4.987811e-03 5.557374e-10
5.014335e-03 5.472009e-10
5.041000e-03 5.388572e-10
5.067806e-03 5.307021e-10
5.094755e-03 5.227311e-10
5.121848e-03 5.149400e-10
5.149084e-03 5.073244e-10
5.176466e-03 4.998802e-10
5.203993e-03 4.926032e-10
5.231666e-03 4.854893e-10
5.259486e-03 4.785344e-10
5.287455e-03 4.717343e-10
5.315572e-03 4.650852e-10
5.343839e-03 4.585829e-10
5.372256e-03 4.522236e-10
5.400824e-03 4.460032e-10
5.429544e-03 4.399177e-10
5.458416e-03 4.339634e-10
5.487443e-03 4.281363e-10
5.516623e-03 4.224324e-10
5.545959e-03 4.168480e-10
5.575451e-03 4.113792e-10
5.605100e-03 4.060221e-10
5.634906e-03 4.007729e-10
5.664871e-03 3.956278e-10
5.694995e-03 3.905830e-10
5.725279e-03 3.856348e-10
5.755725e-03 3.807792e-10
5.786332e-03 3.760128e-10
5.817102e-03 3.713316e-10
5.848035e-03 3.667321e-10
5.879134e-03 3.622107e-10
5.910397e-03 3.577638e-10
5.941827e-03 3.533877e-10
5.973424e-03 3.490792e-10
6.005189e-03 3.448347e-10
6.037123e-03 3.406510e-10
6.069226e-03 3.365248e-10
6.101501e-03 3.324531e-10
6.133947e-03 3.284328e-10
6.166565e-03 3.244610e-10
6.199357e-03 3.205350e-10
6.232324e-03 3.166521e-10
6.265465e-03 3.128100e-10
6.298783e-03 3.090063e-10
6.332278e-03 3.052389e-10
6.365952e-03 3.015059e-10
6.399804e-03 2.978056e-10
6.433836e-03 2.941364e-10
6.468049e-03 2.904971e-10
6.502445e-03 2.868865e-10
6.537023e-03 2.833037e-10
6.571785e-03 2.797480e-10
6.606732e-03 2.762189e-10
6.641864e-03 2.727163e-10
6.677184e-03 2.692399e-10
6.712691e-03 2.657898e-10
6.748387e-03 2.623665e-10
6.784273e-03 2.589702e-10
6.820350e-03 2.556017e-10
6.856619e-03 2.522616e-10
6.893080e-03 2.489508e-10
6.929736e-03 2.456703e-10
6.966586e-03 2.424210e-10
7.003632e-03 2.392042e-10
7.040876e-03 2.360209e-10
7.078317e-03 2.328723e-10
7.115957e-03 2.297595e-10
7.153798e-03 2.266839e-10
7.191840e-03 2.236464e-10
7.230084e-03 2.206481e-10
7.268531e-03 2.176902e-10
7.307183e-03 2.147735e-10
7.346041e-03 2.118989e-10
7.385105e-03 2.090672e-10
7.424377e-03 2.062790e-10
7.463857e-03 2.035348e-10
7.503548e-03 2.008352e-10
7.543450e-03 1.981804e-10
7.583564e-03 1.955706e-10
7.623891e-03 1.930059e-10
7.664432e-03 1.904862e-10
7.705190e-03 1.880113e-10
7.746164e-03 1.855810e-10
7.787355e-03 1.831949e-10
7.828766e-03 1.808525e-10
7.870397e-03 1.785532e-10
7.912250e-03 1.762964e-10
7.954325e-03 1.740813e-10
7.996624e-03 1.719073e-10
8.039148e-03 1.697734e-10
8.081897e-03 1.676789e-10
8.124875e-03 1.656228e-10
8.168080e-03 1.636043e-10
8.211516e-03 1.616226e-10
8.255182e-03 1.596766e-10
8.299081e-03 1.577657e-10
8.343213e-03 1.558889e-10
8.387580e-03 1.540455e-10
8.432183e-03 1.522347e-10
8.477022e-03 1.504559e-10
8.522101e-03 1.487083e-10
8.567419e-03 1.469913e-10
8.612978e-03 1.453044e-10
8.658779e-03 1.436470e-10
8.704824e-03 1.420187e-10
8.751114e-03 1.404190e-10
8.797650e-03 1.388474e-10
8.844433e-03 1.373036e-10
8.891465e-03 1.357871e-10
8.938747e-03 1.342976e-10
8.986281e-03 1.328347e-10
9.034068e-03 1.313979e-10
9.082108e-03 1.299869e-10
9.130404e-03 1.286012e-10
9.178957e-03 1.272404e-10
9.227768e-03 1.259039e-10
9.276839e-03 1.245913e-10
9.326170e-03 1.233020e-10
9.375764e-03 1.220353e-10
9.425622e-03 1.207907e-10
9.475744e-03 1.195676e-10
9.526134e-03 1.183653e-10
9.576791e-03 1.171831e-10
9.627717e-03 1.160204e-10
9.678915e-03 1.148766e-10
9.730384e-03 1.137508e-10
9.782128e-03 1.126427e-10
9.834146e-03 1.115515e-10
9.886441e-03 1.104768e-10
9.939015e-03 1.094180e-10
9.991867e-03 1.083748e-10
1.004500e-02 1.073466e-10
1.009842e-02 1.063333e-10
1.015212e-02 1.053345e-10
1.020610e-02 1.043499e-10
1.026038e-02 1.033795e-10
1.031494e-02 1.024228e-10
1.036979e-02 1.014798e-10
1.042493e-02 1.005503e-10
1.048037e-02 9.963412e-11
1.053610e-02 9.873094e-11
1.059213e-02 9.784056e-11
1.064846e-02 9.696271e-11
1.070508e-02 9.609709e-11
1.076201e-02 9.524338e-11
1.081924e-02 9.440126e-11
1.087677e-02 9.357039e-11
1.093461e-02 9.275043e-11
1.099276e-02 9.194105e-11
1.105121e-02 9.114192e-11
1.110998e-02 9.035276e-11
1.116906e-02 8.957329e-11
1.122845e-02 8.880324e-11
1.128816e-02 8.804239e-11
1.134819e-02 8.729053e-11
1.140854e-02 8.654744e-11
1.146921e-02 8.581294e-11
1.153020e-02 8.508685e-11
1.159151e-02 8.436897e-11
1.165315e-02 8.365912e-11
1.171512e-02 8.295715e-11
1.177742e-02 8.226286e-11
1.184004e-02 8.157613e-11
1.190301e-02 8.089681e-11
1.196630e-02 8.022483e-11
1.202994e-02 7.956011e-11
1.209391e-02 7.890267e-11
1.215822e-02 7.825253e-11
1.222287e-02 7.760981e-11
1.228787e-02 7.697462e-11
1.235321e-02 7.634717e-11
1.241891e-02 7.572763e-11
1.248495e-02 7.511624e-11
1.255134e-02 7.451321e-11
1.261808e-02 7.391871e-11
1.268518e-02 7.333293e-11
1.275264e-02 7.275597e-11
1.282045e-02 7.218792e-11
1.288863e-02 7.162881e-11
1.295717e-02 7.107863e-11
1.302607e-02 7.053734e-11
1.309534e-02 7.000485e-11
1.316497e-02 6.948108e-11
1.323498e-02 6.896589e-11
1.330536e-02 6.845914e-11
1.337612e-02 6.796069e-11
1.344725e-02 6.747036e-11
1.351875e-02 6.698795e-11
1.359064e-02 6.651324e-11
1.366291e-02 6.604600e-11
1.373557e-02 6.558596e-11
1.380861e-02 6.513286e-11
1.388204e-02 6.468644e-11
1.395586e-02 6.424647e-11
1.403008e-02 6.381273e-11
1.410468e-02 6.338505e-11
1.417969e-02 6.296331e-11
1.425509e-02 6.254743e-11
1.433090e-02 6.213736e-11
1.440710e-02 6.173310e-11
1.448372e-02 6.133463e-11
1.456074e-02 6.094197e-11
1.463817e-02 6.055512e-11
1.471601e-02 6.017406e-11
1.479426e-02 5.979879e-11
1.487293e-02 5.942930e-11
1.495202e-02 5.906557e-11
1.503153e-02 5.870762e-11
1.511147e-02 5.835545e-11
1.519183e-02 5.800906e-11
1.527261e-02 5.766846e-11
1.535383e-02 5.733365e-11
1.543547e-02 5.700460e-11
1.551756e-02 5.668127e-11
1.560007e-02 5.636362e-11
1.568303e-02 5.605160e-11
1.576643e-02 5.574519e-11
1.585027e-02 5.544437e-11
1.593456e-02 5.514913e-11
1.601929e-02 5.485947e-11
1.610448e-02 5.457537e-11
1.619012e-02 5.429679e-11
1.627621e-02 5.402365e-11
1.636276e-02 5.375585e-11
1.644978e-02 5.349325e-11
1.653725e-02 5.323569e-11
1.662519e-02 5.298302e-11
1.671360e-02 5.273509e-11
1.680248e-02 5.249174e-11
1.689183e-02 5.225284e-11
1.698165e-02 5.201824e-11
1.707196e-02 5.178785e-11
1.716274e-02 5.156156e-11
1.725401e-02 5.133937e-11
1.734576e-02 5.112128e-11
1.743800e-02 5.090738e-11
1.753073e-02 5.069781e-11
1.762395e-02 5.049271e-11
1.771767e-02 5.029223e-11
1.781189e-02 5.009651e-11
1.790661e-02 4.990565e-11
1.800183e-02 4.971974e-11
1.809756e-02 4.953882e-11
1.819380e-02 4.936294e-11
1.829055e-02 4.919207e-11
1.838781e-02 4.902616e-11
1.848559e-02 4.886511e-11
1.858389e-02 4.870880e-11
1.868272e-02 4.855713e-11
1.878206e-02 4.840998e-11
1.888194e-02 4.826727e-11
1.898235e-02 4.812895e-11
1.908329e-02 4.799495e-11
1.918477e-02 4.786520e-11
1.928679e-02 4.773965e-11
1.938935e-02 4.761825e-11
1.949246e-02 4.750098e-11
1.959612e-02 4.738784e-11
1.970032e-02 4.727885e-11
1.980508e-02 4.717402e-11
1.991040e-02 4.707340e-11
2.001628e-02 4.697706e-11
2.012272e-02 4.688513e-11
2.022973e-02 4.679772e-11
2.033730e-02 4.671496e-11
2.044545e-02 4.663692e-11
2.055417e-02 4.656365e-11
2.066347e-02 4.649516e-11
2.077336e-02 4.643144e-11
2.088382e-02 4.637245e-11
2.099488e-02 4.631812e-11
2.110652e-02 4.626840e-11
2.121876e-02 4.622324e-11
2.133160e-02 4.618264e-11
2.144503e-02 4.614663e-11
2.155907e-02 4.611524e-11
2.167371e-02 4.608850e-11
2.178897e-02 4.606641e-11
2.190484e-02 4.604895e-11
2.202132e-02 4.603610e-11
2.213842e-02 4.602781e-11
2.225615e-02 4.602404e-11
2.237450e-02 4.602477e-11
2.249348e-02 4.603003e-11
2.261309e-02 4.603992e-11
2.273334e-02 4.605453e-11
2.285423e-02 4.607398e-11
2.297577e-02 4.609839e-11
2.309794e-02 4.612788e-11
2.322077e-02 4.616257e-11
2.334425e-02 4.620253e-11
2.346839e-02 4.624783e-11
2.359319e-02 4.629856e-11
2.371865e-02 4.635477e-11
2.384478e-02 4.641646e-11
2.397158e-02 4.648356e-11
2.409905e-02 4.655599e-11
2.422721e-02 4.663364e-11
2.435604e-02 4.671642e-11
2.448556e-02 4.680431e-11
2.461576e-02 4.689737e-11
2.474666e-02 4.699580e-11
2.487826e-02 4.709980e-11
2.501056e-02 4.720959e-11
2.514355e-02 4.732537e-11
2.527726e-02 4.744730e-11
2.541168e-02 4.757549e-11
2.554681e-02 4.771003e-11
2.568266e-02 4.785104e-11
2.581923e-02 4.799864e-11
2.595653e-02 4.815292e-11
2.609456e-02 4.831397e-11
2.623332e-02 4.848187e-11
2.637283e-02 4.865672e-11
2.651307e-02 4.883863e-11
2.665406e-02 4.902777e-11
2.679580e-02 4.922428e-11
2.693829e-02 4.942826e-11
2.708154e-02 4.963975e-11
2.722555e-02 4.985878e-11
2.737033e-02 5.008540e-11
2.751588e-02 5.031975e-11
2.766220e-02 5.056202e-11
2.780930e-02 5.081243e-11
2.795718e-02 5.107113e-11
2.810585e-02 5.133825e-11
2.825530e-02 5.161386e-11
2.840556e-02 5.189809e-11
2.855661e-02 5.219111e-11
2.870847e-02 5.249311e-11
2.886113e-02 5.280425e-11
2.901461e-02 5.312469e-11
2.916890e-02 5.345457e-11
2.932401e-02 5.379407e-11
2.947994e-02 5.414335e-11
2.963671e-02 5.450249e-11
2.979431e-02 5.487156e-11
2.995275e-02 5.525067e-11
3.011203e-02 5.564007e-11
3.027215e-02 5.604019e-11
3.043313e-02 5.645145e-11
3.059497e-02 5.687421e-11
3.075766e-02 5.730871e-11
3.092122e-02 5.775513e-11
3.108565e-02 5.821365e-11
3.125096e-02 5.868445e-11
3.141714e-02 5.916768e-11
3.158421e-02 5.966356e-11
3.175216e-02 6.017243e-11
3.192101e-02 6.069467e-11
3.209076e-02 6.123065e-11
3.226141e-02 6.178063e-11
3.243297e-02 6.234490e-11
3.260543e-02 6.292387e-11
3.277882e-02 6.351797e-11
3.295313e-02 6.412751e-11
3.312836e-02 6.475271e-11
3.330453e-02 6.539384e-11
3.348164e-02 6.605131e-11
3.365968e-02 6.672557e-11
3.383867e-02 6.741711e-11
3.401862e-02 6.812642e-11
3.419952e-02 6.885398e-11
3.438138e-02 6.960007e-11
3.456421e-02 7.036488e-11
3.474801e-02 7.114873e-11
3.493279e-02 7.195227e-11
3.511856e-02 7.277608e-11
3.530531e-02 7.362059e-11
3.549305e-02 7.448614e-11
3.568179e-02 7.537315e-11
3.587154e-02 7.628205e-11
3.606229e-02 7.721331e-11
3.625406e-02 7.816758e-11
3.644685e-02 7.914543e-11
3.664066e-02 8.014720e-11
3.683551e-02 8.117329e-11
3.703139e-02 8.222434e-11
3.722831e-02 8.330091e-11
3.742628e-02 8.440330e-11
3.762530e-02 8.553199e-11
3.782538e-02 8.668753e-11
3.802653e-02 8.787041e-11
3.822874e-02 8.908107e-11
3.843203e-02 9.031972e-11
3.863640e-02 9.158626e-11
3.884186e-02 9.288094e-11
3.904841e-02 9.420477e-11
3.925606e-02 9.555861e-11
3.946481e-02 9.694288e-11
3.967467e-02 9.835782e-11
3.988565e-02 9.980342e-11
4.009775e-02 1.012797e-10
4.031098e-02 1.027867e-10
4.052534e-02 1.043240e-10
4.074084e-02 1.058914e-10
4.095749e-02 1.074888e-10
4.117529e-02 1.091161e-10
4.139425e-02 1.107727e-10
4.161437e-02 1.124588e-10
4.183566e-02 1.141747e-10
4.205813e-02 1.159207e-10
4.228179e-02 1.176958e-10
4.250663e-02 1.194985e-10
4.273267e-02 1.213282e-10
4.295991e-02 1.231834e-10
4.318836e-02 1.250615e-10
4.341802e-02 1.269601e-10
4.364890e-02 1.288778e-10
4.388101e-02 1.308145e-10
4.411436e-02 1.327692e-10
4.434895e-02 1.347410e-10
4.458478e-02 1.367293e-10
4.482187e-02 1.387311e-10
4.506022e-02 1.407442e-10
4.529984e-02 1.427662e-10
4.554073e-02 1.447935e-10
4.578290e-02 1.468197e-10
4.602636e-02 1.488416e-10
4.627112e-02 1.508587e-10
4.651717e-02 1.528699e-10
4.676454e-02 1.548749e-10
4.701322e-02 1.568746e-10
4.726322e-02 1.588696e-10
4.751455e-02 1.608559e-10
4.776722e-02 1.628301e-10
4.802124e-02 1.647847e-10
4.827660e-02 1.667150e-10
4.853332e-02 1.686189e-10
4.879141e-02 1.704971e-10
4.905086e-02 1.723505e-10
4.931170e-02 1.741890e-10
4.957393e-02 1.760168e-10
4.983755e-02 1.778315e-10
5.010257e-02 1.796293e-10
5.036900e-02 1.814064e-10
5.063685e-02 1.831577e-10
5.090612e-02 1.848821e-10
5.117682e-02 1.865789e-10
5.144897e-02 1.882558e-10
5.172256e-02 1.899230e-10
5.199760e-02 1.915852e-10
5.227411e-02 1.932516e-10
5.255209e-02 1.949224e-10
5.283155e-02 1.965903e-10
5.311249e-02 1.982490e-10
5.339493e-02 1.998904e-10
5.367887e-02 2.015151e-10
5.396431e-02 2.031318e-10
5.425128e-02 2.047617e-10
5.453977e-02 2.064229e-10
5.482980e-02 2.081141e-10
5.512137e-02 2.098315e-10
5.541449e-02 2.115581e-10
5.570917e-02 2.132803e-10
5.600541e-02 2.150014e-10
5.630323e-02 2.167333e-10
5.660264e-02 2.184904e-10
5.690363e-02 2.202858e-10
5.720623e-02 2.221318e-10
5.751044e-02 2.240238e-10
5.781626e-02 2.259559e-10
5.812371e-02 2.279071e-10
5.843280e-02 2.298664e-10
5.874352e-02 2.318356e-10
5.905591e-02 2.338301e-10
5.936995e-02 2.358755e-10
5.968566e-02 2.380031e-10
6.000305e-02 2.402066e-10
6.032213e-02 2.424617e-10
6.064290e-02 2.447321e-10
6.096539e-02 2.470001e-10
6.128958e-02 2.492798e-10
6.161550e-02 2.516125e-10
6.194316e-02 2.540339e-10
6.227255e-02 2.565499e-10
6.260370e-02 2.591307e-10
6.293661e-02 2.617501e-10
6.327129e-02 2.643863e-10
6.360774e-02 2.670401e-10
6.394599e-02 2.697152e-10
6.428604e-02 2.724387e-10
6.462789e-02 2.752702e-10
6.497157e-02 2.782247e-10
6.531707e-02 2.812573e-10
6.566440e-02 2.842934e-10
6.601359e-02 2.873000e-10
6.636463e-02 2.903003e-10
6.671754e-02 2.933712e-10
6.707232e-02 2.965781e-10
6.742899e-02 2.999316e-10
6.778756e-02 3.033447e-10
6.814803e-02 3.067299e-10
6.851043e-02 3.100780e-10
6.887474e-02 3.134404e-10
6.924100e-02 3.168767e-10
6.960920e-02 3.204368e-10
6.997936e-02 3.241247e-10
7.035149e-02 3.279025e-10
7.072560e-02 3.316691e-10
7.110170e-02 3.353446e-10
7.147980e-02 3.389485e-10
7.185991e-02 3.426606e-10
7.224204e-02 3.466319e-10
7.262620e-02 3.507707e-10
7.301241e-02 3.548482e-10
7.340067e-02 3.587806e-10
7.379099e-02 3.626549e-10
7.418339e-02 3.665910e-10
7.457787e-02 3.707389e-10
7.497446e-02 3.750954e-10
7.537315e-02 3.794783e-10
7.577396e-02 3.837548e-10
7.617691e-02 3.879229e-10
7.658199e-02 3.920263e-10
7.698923e-02 3.962730e-10
7.739864e-02 4.008892e-10
7.781022e-02 4.057161e-10
7.822400e-02 4.103256e-10
7.863997e-02 4.145899e-10
7.905815e-02 4.188393e-10
7.947856e-02 4.234931e-10
7.990121e-02 4.285091e-10
8.032610e-02 4.335308e-10
8.075325e-02 4.383398e-10
8.118267e-02 4.429746e-10
8.161438e-02 4.475526e-10
8.204838e-02 4.524249e-10
8.248469e-02 4.578039e-10
8.292332e-02 4.632788e-10
8.336428e-02 4.684126e-10
8.380759e-02 4.731439e-10
8.425325e-02 4.778707e-10
8.470128e-02 4.834057e-10
8.515170e-02 4.894740e-10
8.560451e-02 4.950144e-10
8.605973e-02 5.000167e-10
8.651737e-02 5.050907e-10
8.697745e-02 5.105840e-10
8.743997e-02 5.165930e-10
8.790495e-02 5.227705e-10
8.837240e-02 5.285510e-10
8.884234e-02 5.336314e-10
8.931478e-02 5.388183e-10
8.978973e-02 5.451782e-10
9.026721e-02 5.520121e-10
9.074722e-02 5.580712e-10
9.122979e-02 5.632205e-10
9.171492e-02 5.686404e-10
9.220263e-02 5.753254e-10
9.269294e-02 5.824103e-10
9.318586e-02 5.886401e-10
9.368139e-02 5.945727e-10
9.417956e-02 6.001239e-10
9.468038e-02 6.065846e-10
9.518386e-02 6.145338e-10
9.569002e-02 6.216279e-10
9.619888e-02 6.271675e-10
9.671043e-02 6.328896e-10
9.722471e-02 6.406804e-10
9.774172e-02 6.489405e-10
9.826149e-02 6.558628e-10
9.878401e-02 6.618852e-10
9.930932e-02 6.684883e-10
9.983742e-02 6.767114e-10
1.003683e-01 6.852581e-10
1.009021e-01 6.929427e-10
1.014386e-01 6.986992e-10
1.019780e-01 7.056405e-10
1.025203e-01 7.159412e-10
1.030655e-01 7.245300e-10
1.036136e-01 7.308055e-10
1.041646e-01 7.378238e-10
1.047185e-01 7.469278e-10
1.052753e-01 7.569714e-10
1.058352e-01 7.653170e-10
1.063980e-01 7.720905e-10
1.069638e-01 7.797778e-10
1.075326e-01 7.910950e-10
1.081044e-01 8.016438e-10
1.086793e-01 8.081166e-10
1.092572e-01 8.153913e-10
1.098382e-01 8.277932e-10
1.104223e-01 8.382777e-10
1.110095e-01 8.467158e-10
1.115998e-01 8.542060e-10
1.121932e-01 8.644300e-10
1.127898e-01 8.776888e-10
1.133896e-01 8.869475e-10
1.139926e-01 8.931468e-10
1.145988e-01 9.035424e-10
1.152082e-01 9.184840e-10
1.158208e-01 9.267003e-10
1.164367e-01 9.337014e-10
1.170559e-01 9.449619e-10
1.176784e-01 9.578960e-10
1.183042e-01 9.696057e-10
1.189333e-01 9.754168e-10
1.195657e-01 9.857845e-10
1.202015e-01 1.002799e-09
1.208407e-01 1.011978e-09
1.214833e-01 1.018194e-09
1.221293e-01 1.031798e-09
1.227788e-01 1.047468e-09
1.234317e-01 1.056733e-09
1.240881e-01 1.064920e-09
1.247479e-01 1.077939e-09
1.254113e-01 1.096617e-09
1.260782e-01 1.103915e-09
1.267486e-01 1.111027e-09
1.274227e-01 1.132358e-09
1.281003e-01 1.144530e-09
1.287815e-01 1.153159e-09
1.294663e-01 1.165477e-09
1.301547e-01 1.184998e-09
1.308469e-01 1.199015e-09
1.315427e-01 1.204350e-09
1.322422e-01 1.223308e-09
1.329454e-01 1.244310e-09
1.336524e-01 1.248837e-09
1.343631e-01 1.262875e-09
1.350776e-01 1.283917e-09
1.357959e-01 1.298690e-09
1.365180e-01 1.303864e-09
1.372440e-01 1.323548e-09
1.379738e-01 1.345077e-09
1.387075e-01 1.350297e-09
1.394451e-01 1.364284e-09
1.401867e-01 1.390070e-09
1.409321e-01 1.399352e-09
1.416816e-01 1.409209e-09
1.424350e-01 1.432540e-09
1.431924e-01 1.453341e-09
1.439539e-01 1.454450e-09
1.447194e-01 1.481299e-09
1.454889e-01 1.503129e-09
1.462626e-01 1.507786e-09
1.470404e-01 1.530084e-09
1.478223e-01 1.552562e-09
1.486084e-01 1.569247e-09
1.493986e-01 1.574400e-09
1.501931e-01 1.615774e-09
1.509918e-01 1.620357e-09
1.517947e-01 1.634752e-09
1.526019e-01 1.667994e-09
1.534134e-01 1.679461e-09
1.542292e-01 1.688248e-09
1.550494e-01 1.722664e-09
1.558739e-01 1.741176e-09
1.567028e-01 1.739214e-09
1.575361e-01 1.787549e-09
1.583738e-01 1.793752e-09
1.592160e-01 1.803594e-09
1.600626e-01 1.841994e-09
1.609138e-01 1.859865e-09
1.617695e-01 1.861581e-09
1.626298e-01 1.913202e-09
1.634946e-01 1.912357e-09
1.643640e-01 1.939351e-09
1.652380e-01 1.969699e-09
1.661167e-01 1.990900e-09
1.670001e-01 2.003791e-09
1.678881e-01 2.047510e-09
1.687809e-01 2.044068e-09
1.696784e-01 2.090672e-09
1.705807e-01 2.104431e-09
1.714878e-01 2.116917e-09
1.723998e-01 2.152561e-09
1.733165e-01 2.185620e-09
1.742382e-01 2.181416e-09
1.751647e-01 2.239992e-09
1.760962e-01 2.242224e-09
1.770326e-01 2.278288e-09
1.779740e-01 2.303858e-09
1.789205e-01 2.312363e-09
1.798719e-01 2.373736e-09
1.808284e-01 2.380653e-09
1.817900e-01 2.406073e-09
1.827567e-01 2.441170e-09
1.837286e-01 2.454083e-09
1.847056e-01 2.496175e-09
1.856878e-01 2.534094e-09
1.866752e-01 2.519312e-09
1.876679e-01 2.594804e-09
1.886659e-01 2.602571e-09
1.896691e-01 2.638117e-09
1.906777e-01 2.682041e-09
1.916917e-01 2.670680e-09
1.927111e-01 2.742512e-09
1.937359e-01 2.731347e-09
1.947661e-01 2.811118e-09
1.958018e-01 2.835609e-09
1.968430e-01 2.828039e-09
1.978898e-01 2.901486e-09
1.989421e-01 2.885475e-09
2.000000e-01 2.966801e-09
