# sqrt(Delta_m21^2) [eV]    g_IAXO [GeV^-1]    (varphi = pi/4, w_res = 10 eV)
1.000000e-03 1.746261e-09
1.005318e-03 1.716114e-09
1.010664e-03 1.686625e-09
1.016038e-03 1.657780e-09
1.021441e-03 1.629568e-09
1.026873e-03 1.601973e-09
1.032333e-03 1.574981e-09
1.037823e-03 1.548583e-09
1.043342e-03 1.522763e-09
1.048890e-03 1.497510e-09
1.054468e-03 1.472812e-09
1.060075e-03 1.448656e-09
1.065712e-03 1.425032e-09
1.071380e-03 1.401927e-09
1.077077e-03 1.379330e-09
1.082804e-03 1.357230e-09
1.088562e-03 1.335616e-09
1.094351e-03 1.314477e-09
1.100171e-03 1.293802e-09
1.106021e-03 1.273582e-09
1.111902e-03 1.253805e-09
1.117815e-03 1.234461e-09
1.123759e-03 1.215540e-09
1.129735e-03 1.197033e-09
1.135743e-03 1.178930e-09
1.141782e-03 1.161220e-09
1.147854e-03 1.143894e-09
1.153958e-03 1.126943e-09
1.160094e-03 1.110357e-09
1.166263e-03 1.094127e-09
1.172465e-03 1.078244e-09
1.178700e-03 1.062698e-09
1.184968e-03 1.047480e-09
1.191269e-03 1.032582e-09
1.197604e-03 1.017995e-09
1.203973e-03 1.003709e-09
1.210375e-03 9.897163e-10
1.216812e-03 9.760075e-10
1.223282e-03 9.625741e-10
1.229787e-03 9.494076e-10
1.236327e-03 9.364994e-10
1.242901e-03 9.238409e-10
1.249511e-03 9.114239e-10
1.256155e-03 8.992398e-10
1.262835e-03 8.872804e-10
1.269551e-03 8.755375e-10
1.276302e-03 8.640030e-10
1.283089e-03 8.526687e-10
1.289912e-03 8.415270e-10
1.296771e-03 8.305699e-10
1.303667e-03 8.197896e-10
1.310600e-03 8.091787e-10
1.317569e-03 7.987297e-10
1.324575e-03 7.884355e-10
1.331619e-03 7.782890e-10
1.338700e-03 7.682833e-10
1.345819e-03 7.584118e-10
1.352976e-03 7.486682e-10
1.360170e-03 7.390463e-10
1.367403e-03 7.295403e-10
1.374675e-03 7.201447e-10
1.381985e-03 7.108543e-10
1.389334e-03 7.016641e-10
1.396722e-03 6.925696e-10
1.404149e-03 6.835667e-10
1.411616e-03 6.746516e-10
1.419123e-03 6.658209e-10
1.426669e-03 6.570716e-10
1.434256e-03 6.484010e-10
1.441883e-03 6.398071e-10
1.449550e-03 6.312879e-10
1.457259e-03 6.228422e-10
1.465008e-03 6.144689e-10
1.472798e-03 6.061675e-10
1.480630e-03 5.979376e-10
1.488504e-03 5.897794e-10
1.496419e-03 5.816934e-10
1.504377e-03 5.736803e-10
1.512377e-03 5.657412e-10
1.520419e-03 5.578772e-10
1.528504e-03 5.500899e-10
1.536632e-03 5.423810e-10
1.544804e-03 5.347524e-10
1.553019e-03 5.272059e-10
1.561277e-03 5.197437e-10
1.569580e-03 5.123679e-10
1.577926e-03 5.050806e-10
1.586317e-03 4.978838e-10
1.594753e-03 4.907797e-10
1.603233e-03 4.837703e-10
1.611759e-03 4.768575e-10
1.620329e-03 4.700430e-10
1.628946e-03 4.633286e-10
1.637608e-03 4.567156e-10
1.646317e-03 4.502053e-10
1.655071e-03 4.437989e-10
1.663872e-03 4.374973e-10
1.672720e-03 4.313010e-10
1.681615e-03 4.252108e-10
1.690558e-03 4.192266e-10
1.699548e-03 4.133487e-10
1.708585e-03 4.075768e-10
1.717671e-03 4.019105e-10
1.726805e-03 3.963494e-10
1.735988e-03 3.908926e-10
1.745219e-03 3.855392e-10
1.754500e-03 3.802882e-10
1.763830e-03 3.751383e-10
1.773209e-03 3.700883e-10
1.782639e-03 3.651366e-10
1.792118e-03 3.602818e-10
1.801648e-03 3.555222e-10
1.811229e-03 3.508563e-10
1.820860e-03 3.462823e-10
1.830543e-03 3.417986e-10
1.840278e-03 3.374034e-10
1.850064e-03 3.330951e-10
1.859902e-03 3.288719e-10
1.869792e-03 3.247323e-10
1.879735e-03 3.206745e-10
1.889731e-03 3.166970e-10
1.899780e-03 3.127981e-10
1.909883e-03 3.089762e-10
1.920039e-03 3.052297e-10
1.930249e-03 3.015569e-10
1.940513e-03 2.979562e-10
1.950833e-03 2.944257e-10
1.961207e-03 2.909636e-10
1.971636e-03 2.875680e-10
1.982120e-03 2.842367e-10
1.992661e-03 2.809675e-10
2.003257e-03 2.777580e-10
2.013910e-03 2.746057e-10
2.024619e-03 2.715079e-10
2.035385e-03 2.684618e-10
2.046209e-03 2.654645e-10
2.057090e-03 2.625132e-10
2.068029e-03 2.596048e-10
2.079026e-03 2.567365e-10
2.090082e-03 2.539056e-10
2.101196e-03 2.511093e-10
2.112370e-03 2.483453e-10
2.123603e-03 2.456112e-10
2.134896e-03 2.429053e-10
2.146248e-03 2.402257e-10
2.157662e-03 2.375711e-10
2.169135e-03 2.349403e-10
2.180670e-03 2.323327e-10
2.192266e-03 2.297476e-10
2.203924e-03 2.271849e-10
2.215644e-03 2.246444e-10
2.227426e-03 2.221264e-10
2.239271e-03 2.196313e-10
2.251179e-03 2.171595e-10
2.263150e-03 2.147117e-10
2.275185e-03 2.122886e-10
2.287284e-03 2.098908e-10
2.299447e-03 2.075191e-10
2.311674e-03 2.051742e-10
2.323967e-03 2.028567e-10
2.336325e-03 2.005672e-10
2.348749e-03 1.983061e-10
2.361239e-03 1.960739e-10
2.373796e-03 1.938707e-10
2.386419e-03 1.916968e-10
2.399109e-03 1.895522e-10
2.411867e-03 1.874368e-10
2.424692e-03 1.853506e-10
2.437586e-03 1.832933e-10
2.450549e-03 1.812646e-10
2.463580e-03 1.792642e-10
2.476681e-03 1.772918e-10
2.489851e-03 1.753468e-10
2.503091e-03 1.734291e-10
2.516402e-03 1.715381e-10
2.529783e-03 1.696733e-10
2.543236e-03 1.678346e-10
2.556760e-03 1.660213e-10
2.570356e-03 1.642333e-10
2.584025e-03 1.624702e-10
2.597766e-03 1.607316e-10
2.611580e-03 1.590175e-10
2.625468e-03 1.573275e-10
2.639429e-03 1.556616e-10
2.653465e-03 1.540197e-10
2.667575e-03 1.524020e-10
2.681761e-03 1.508084e-10
2.696021e-03 1.492391e-10
2.710358e-03 1.476945e-10
2.724771e-03 1.461746e-10
2.739260e-03 1.446798e-10
2.753827e-03 1.432102e-10
2.768471e-03 1.417657e-10
2.783193e-03 1.403463e-10
2.797993e-03 1.389513e-10
2.812872e-03 1.375800e-10
2.827830e-03 1.362312e-10
2.842868e-03 1.349037e-10
2.857985e-03 1.335957e-10
2.873183e-03 1.323056e-10
2.888462e-03 1.310317e-10
2.903822e-03 1.297726e-10
2.919264e-03 1.285268e-10
2.934788e-03 1.272932e-10
2.950394e-03 1.260709e-10
2.966083e-03 1.248591e-10
2.981856e-03 1.236572e-10
2.997713e-03 1.224649e-10
3.013654e-03 1.212818e-10
3.029679e-03 1.201078e-10
3.045790e-03 1.189427e-10
3.061987e-03 1.177865e-10
3.078270e-03 1.166394e-10
3.094639e-03 1.155012e-10
3.111095e-03 1.143722e-10
3.127639e-03 1.132525e-10
3.144271e-03 1.121423e-10
3.160992e-03 1.110418e-10
3.177801e-03 1.099515e-10
3.194699e-03 1.088714e-10
3.211688e-03 1.078019e-10
3.228767e-03 1.067433e-10
3.245936e-03 1.056959e-10
3.263197e-03 1.046598e-10
3.280550e-03 1.036352e-10
3.297995e-03 1.026224e-10
3.315533e-03 1.016213e-10
3.333164e-03 1.006321e-10
3.350889e-03 9.965476e-11
3.368708e-03 9.868933e-11
3.386622e-03 9.773579e-11
3.404631e-03 9.679414e-11
3.422735e-03 9.586434e-11
3.440937e-03 9.494642e-11
3.459234e-03 9.404041e-11
3.477630e-03 9.314643e-11
3.496123e-03 9.226469e-11
3.514714e-03 9.139561e-11
3.533404e-03 9.053981e-11
3.552194e-03 8.969808e-11
3.571083e-03 8.887085e-11
3.590073e-03 8.805748e-11
3.609164e-03 8.725625e-11
3.628357e-03 8.646520e-11
3.647651e-03 8.568278e-11
3.667049e-03 8.490791e-11
3.686549e-03 8.413988e-11
3.706153e-03 8.337820e-11
3.725861e-03 8.262256e-11
3.745674e-03 8.187280e-11
3.765593e-03 8.112882e-11
3.785617e-03 8.039062e-11
3.805748e-03 7.965823e-11
3.825986e-03 7.893173e-11
3.846331e-03 7.821120e-11
3.866785e-03 7.749674e-11
3.887347e-03 7.678845e-11
3.908019e-03 7.608640e-11
3.928801e-03 7.539065e-11
3.949693e-03 7.470122e-11
3.970696e-03 7.401812e-11
3.991811e-03 7.334137e-11
4.013039e-03 7.267097e-11
4.034379e-03 7.200695e-11
4.055832e-03 7.134936e-11
4.077400e-03 7.069831e-11
4.099083e-03 7.005389e-11
4.120880e-03 6.941626e-11
4.142794e-03 6.878555e-11
4.164824e-03 6.816194e-11
4.186971e-03 6.754557e-11
4.209237e-03 6.693658e-11
4.231620e-03 6.633499e-11
4.254123e-03 6.574076e-11
4.276745e-03 6.515372e-11
4.299487e-03 6.457366e-11
4.322351e-03 6.400037e-11
4.345336e-03 6.343367e-11
4.368443e-03 6.287345e-11
4.391673e-03 6.231959e-11
4.415027e-03 6.177198e-11
4.438505e-03 6.123049e-11
4.462107e-03 6.069491e-11
4.485835e-03 6.016501e-11
4.509690e-03 5.964052e-11
4.533671e-03 5.912119e-11
4.557780e-03 5.860680e-11
4.582017e-03 5.809721e-11
4.606383e-03 5.759233e-11
4.630878e-03 5.709215e-11
4.655504e-03 5.659669e-11
4.680260e-03 5.610601e-11
4.705148e-03 5.562010e-11
4.730169e-03 5.513894e-11
4.755323e-03 5.466238e-11
4.780610e-03 5.419027e-11
4.806032e-03 5.372243e-11
4.831589e-03 5.325869e-11
4.857282e-03 5.279898e-11
4.883112e-03 5.234328e-11
4.909079e-03 5.189164e-11
4.935184e-03 5.144413e-11
4.961428e-03 5.100085e-11
4.987811e-03 5.056183e-11
5.014335e-03 5.012708e-11
5.041000e-03 4.969656e-11
5.067806e-03 4.927020e-11
5.094755e-03 4.884795e-11
5.121848e-03 4.842981e-11
5.149084e-03 4.801584e-11
5.176466e-03 4.760616e-11
5.203993e-03 4.720093e-11
5.231666e-03 4.680030e-11
5.259486e-03 4.640446e-11
5.287455e-03 4.601412e-11
5.315572e-03 4.563368e-11
5.343839e-03 4.525750e-11
5.372256e-03 4.488447e-11
5.400824e-03 4.451444e-11
5.429544e-03 4.414741e-11
5.458416e-03 4.378346e-11
5.487443e-03 4.342266e-11
5.516623e-03 4.306500e-11
5.545959e-03 4.271044e-11
5.575451e-03 4.235889e-11
5.605100e-03 4.201029e-11
5.634906e-03 4.166463e-11
5.664871e-03 4.132196e-11
5.694995e-03 4.098239e-11
5.725279e-03 4.064604e-11
5.755725e-03 4.031301e-11
5.786332e-03 3.998328e-11
5.817102e-03 3.965679e-11
5.848035e-03 3.933344e-11
5.879134e-03 3.901316e-11
5.910397e-03 3.869593e-11
5.941827e-03 3.838180e-11
5.973424e-03 3.807089e-11
6.005189e-03 3.776327e-11
6.037123e-03 3.745897e-11
6.069226e-03 3.715794e-11
6.101501e-03 3.686010e-11
6.133947e-03 3.656542e-11
6.166565e-03 3.627396e-11
6.199357e-03 3.598585e-11
6.232324e-03 3.570121e-11
6.265465e-03 3.542000e-11
6.298783e-03 3.514199e-11
6.332278e-03 3.486687e-11
6.365952e-03 3.459439e-11
6.399804e-03 3.432441e-11
6.433836e-03 3.405692e-11
6.468049e-03 3.379197e-11
6.502445e-03 3.352961e-11
6.537023e-03 3.326981e-11
6.571785e-03 3.301247e-11
6.606732e-03 3.275747e-11
6.641864e-03 3.250474e-11
6.677184e-03 3.225431e-11
6.712691e-03 3.200627e-11
6.748387e-03 3.176072e-11
6.784273e-03 3.151772e-11
6.820350e-03 3.127727e-11
6.856619e-03 3.103929e-11
6.893080e-03 3.080368e-11
6.929736e-03 3.057038e-11
6.966586e-03 3.033940e-11
7.003632e-03 3.011082e-11
7.040876e-03 2.988466e-11
7.078317e-03 2.966084e-11
7.115957e-03 2.943926e-11
7.153798e-03 2.921984e-11
7.191840e-03 2.900259e-11
7.230084e-03 2.878761e-11
7.268531e-03 2.857501e-11
7.307183e-03 2.836485e-11
7.346041e-03 2.815709e-11
7.385105e-03 2.795163e-11
7.424377e-03 2.774841e-11
7.463857e-03 2.754742e-11
7.503548e-03 2.734867e-11
7.543450e-03 2.715211e-11
7.583564e-03 2.695762e-11
7.623891e-03 2.676507e-11
7.664432e-03 2.657435e-11
7.705190e-03 2.638545e-11
7.746164e-03 2.619840e-11
7.787355e-03 2.601328e-11
7.828766e-03 2.583011e-11
7.870397e-03 2.564886e-11
7.912250e-03 2.546943e-11
7.954325e-03 2.529177e-11
7.996624e-03 2.511588e-11
8.039148e-03 2.494180e-11
8.081897e-03 2.476960e-11
8.124875e-03 2.459927e-11
8.168080e-03 2.443076e-11
8.211516e-03 2.426400e-11
8.255182e-03 2.409894e-11
8.299081e-03 2.393557e-11
8.343213e-03 2.377394e-11
8.387580e-03 2.361410e-11
8.432183e-03 2.345605e-11
8.477022e-03 2.329978e-11
8.522101e-03 2.314559e-11
8.567419e-03 2.299344e-11
8.612978e-03 2.284309e-11
8.658779e-03 2.269452e-11
8.704824e-03 2.254769e-11
8.751114e-03 2.240253e-11
8.797650e-03 2.225896e-11
8.844433e-03 2.211694e-11
8.891465e-03 2.197646e-11
8.938747e-03 2.183752e-11
8.986281e-03 2.170017e-11
9.034068e-03 2.156442e-11
9.082108e-03 2.143025e-11
9.130404e-03 2.129763e-11
9.178957e-03 2.116651e-11
9.227768e-03 2.103689e-11
9.276839e-03 2.090876e-11
9.326170e-03 2.078213e-11
9.375764e-03 2.065703e-11
9.425622e-03 2.053345e-11
9.475744e-03 2.041136e-11
9.526134e-03 2.029075e-11
9.576791e-03 2.017159e-11
9.627717e-03 2.005386e-11
9.678915e-03 1.993756e-11
9.730384e-03 1.982272e-11
9.782128e-03 1.970934e-11
9.834146e-03 1.959741e-11
9.886441e-03 1.948692e-11
9.939015e-03 1.937785e-11
9.991867e-03 1.927016e-11
1.004500e-02 1.916385e-11
1.009842e-02 1.905890e-11
1.015212e-02 1.895532e-11
1.020610e-02 1.885311e-11
1.026038e-02 1.875227e-11
1.031494e-02 1.865281e-11
1.036979e-02 1.855471e-11
1.042493e-02 1.845796e-11
1.048037e-02 1.836255e-11
1.053610e-02 1.826845e-11
1.059213e-02 1.817567e-11
1.064846e-02 1.808419e-11
1.070508e-02 1.799402e-11
1.076201e-02 1.790517e-11
1.081924e-02 1.781763e-11
1.087677e-02 1.773140e-11
1.093461e-02 1.764648e-11
1.099276e-02 1.756286e-11
1.105121e-02 1.748054e-11
1.110998e-02 1.739950e-11
1.116906e-02 1.731975e-11
1.122845e-02 1.724128e-11
1.128816e-02 1.716410e-11
1.134819e-02 1.708819e-11
1.140854e-02 1.701355e-11
1.146921e-02 1.694018e-11
1.153020e-02 1.686808e-11
1.159151e-02 1.679725e-11
1.165315e-02 1.672766e-11
1.171512e-02 1.665934e-11
1.177742e-02 1.659226e-11
1.184004e-02 1.652644e-11
1.190301e-02 1.646186e-11
1.196630e-02 1.639853e-11
1.202994e-02 1.633644e-11
1.209391e-02 1.627559e-11
1.215822e-02 1.621597e-11
1.222287e-02 1.615757e-11
1.228787e-02 1.610041e-11
1.235321e-02 1.604448e-11
1.241891e-02 1.598977e-11
1.248495e-02 1.593631e-11
1.255134e-02 1.588407e-11
1.261808e-02 1.583307e-11
1.268518e-02 1.578331e-11
1.275264e-02 1.573479e-11
1.282045e-02 1.568750e-11
1.288863e-02 1.564146e-11
1.295717e-02 1.559667e-11
1.302607e-02 1.555314e-11
1.309534e-02 1.551087e-11
1.316497e-02 1.546985e-11
1.323498e-02 1.543009e-11
1.330536e-02 1.539158e-11
1.337612e-02 1.535433e-11
1.344725e-02 1.531832e-11
1.351875e-02 1.528356e-11
1.359064e-02 1.525007e-11
1.366291e-02 1.521784e-11
1.373557e-02 1.518688e-11
1.380861e-02 1.515721e-11
1.388204e-02 1.512882e-11
1.395586e-02 1.510171e-11
1.403008e-02 1.507589e-11
1.410468e-02 1.505136e-11
1.417969e-02 1.502812e-11
1.425509e-02 1.500618e-11
1.433090e-02 1.498556e-11
1.440710e-02 1.496627e-11
1.448372e-02 1.494829e-11
1.456074e-02 1.493164e-11
1.463817e-02 1.491631e-11
1.471601e-02 1.490231e-11
1.479426e-02 1.488967e-11
1.487293e-02 1.487840e-11
1.495202e-02 1.486850e-11
1.503153e-02 1.485995e-11
1.511147e-02 1.485277e-11
1.519183e-02 1.484698e-11
1.527261e-02 1.484259e-11
1.535383e-02 1.483963e-11
1.543547e-02 1.483808e-11
1.551756e-02 1.483795e-11
1.560007e-02 1.483926e-11
1.568303e-02 1.484204e-11
1.576643e-02 1.484632e-11
1.585027e-02 1.485215e-11
1.593456e-02 1.485955e-11
1.601929e-02 1.486846e-11
1.610448e-02 1.487889e-11
1.619012e-02 1.489084e-11
1.627621e-02 1.490433e-11
1.636276e-02 1.491938e-11
1.644978e-02 1.493603e-11
1.653725e-02 1.495426e-11
1.662519e-02 1.497410e-11
1.671360e-02 1.499555e-11
1.680248e-02 1.501867e-11
1.689183e-02 1.504346e-11
1.698165e-02 1.506992e-11
1.707196e-02 1.509809e-11
1.716274e-02 1.512802e-11
1.725401e-02 1.515972e-11
1.734576e-02 1.519323e-11
1.743800e-02 1.522857e-11
1.753073e-02 1.526577e-11
1.762395e-02 1.530484e-11
1.771767e-02 1.534577e-11
1.781189e-02 1.538860e-11
1.790661e-02 1.543336e-11
1.800183e-02 1.548009e-11
1.809756e-02 1.552880e-11
1.819380e-02 1.557954e-11
1.829055e-02 1.563233e-11
1.838781e-02 1.568717e-11
1.848559e-02 1.574411e-11
1.858389e-02 1.580319e-11
1.868272e-02 1.586445e-11
1.878206e-02 1.592793e-11
1.888194e-02 1.599365e-11
1.898235e-02 1.606168e-11
1.908329e-02 1.613208e-11
1.918477e-02 1.620488e-11
1.928679e-02 1.628011e-11
1.938935e-02 1.635781e-11
1.949246e-02 1.643800e-11
1.959612e-02 1.652072e-11
1.970032e-02 1.660602e-11
1.980508e-02 1.669397e-11
1.991040e-02 1.678459e-11
2.001628e-02 1.687793e-11
2.012272e-02 1.697403e-11
2.022973e-02 1.707297e-11
2.033730e-02 1.717480e-11
2.044545e-02 1.727957e-11
2.055417e-02 1.738739e-11
2.066347e-02 1.749838e-11
2.077336e-02 1.761252e-11
2.088382e-02 1.772987e-11
2.099488e-02 1.785047e-11
2.110652e-02 1.797441e-11
2.121876e-02 1.810174e-11
2.133160e-02 1.823254e-11
2.144503e-02 1.836687e-11
2.155907e-02 1.850483e-11
2.167371e-02 1.864648e-11
2.178897e-02 1.879191e-11
2.190484e-02 1.894120e-11
2.202132e-02 1.909444e-11
2.213842e-02 1.925173e-11
2.225615e-02 1.941314e-11
2.237450e-02 1.957878e-11
2.249348e-02 1.974876e-11
2.261309e-02 1.992315e-11
2.273334e-02 2.010208e-11
2.285423e-02 2.028562e-11
2.297577e-02 2.047387e-11
2.309794e-02 2.066694e-11
2.322077e-02 2.086494e-11
2.334425e-02 2.106797e-11
2.346839e-02 2.127614e-11
2.359319e-02 2.148957e-11
2.371865e-02 2.170840e-11
2.384478e-02 2.193273e-11
2.397158e-02 2.216270e-11
2.409905e-02 2.239842e-11
2.422721e-02 2.264006e-11
2.435604e-02 2.288776e-11
2.448556e-02 2.314166e-11
2.461576e-02 2.340189e-11
2.474666e-02 2.366859e-11
2.487826e-02 2.394188e-11
2.501056e-02 2.422193e-11
2.514355e-02 2.450886e-11
2.527726e-02 2.480283e-11
2.541168e-02 2.510398e-11
2.554681e-02 2.541248e-11
2.568266e-02 2.572845e-11
2.581923e-02 2.605207e-11
2.595653e-02 2.638348e-11
2.609456e-02 2.672283e-11
2.623332e-02 2.707027e-11
2.637283e-02 2.742597e-11
2.651307e-02 2.779007e-11
2.665406e-02 2.816273e-11
2.679580e-02 2.854408e-11
2.693829e-02 2.893428e-11
2.708154e-02 2.933349e-11
2.722555e-02 2.974181e-11
2.737033e-02 3.015938e-11
2.751588e-02 3.058630e-11
2.766220e-02 3.102269e-11
2.780930e-02 3.146863e-11
2.795718e-02 3.192419e-11
2.810585e-02 3.238945e-11
2.825530e-02 3.286447e-11
2.840556e-02 3.334927e-11
2.855661e-02 3.384386e-11
2.870847e-02 3.434825e-11
2.886113e-02 3.486241e-11
2.901461e-02 3.538628e-11
2.916890e-02 3.591977e-11
2.932401e-02 3.646278e-11
2.947994e-02 3.701517e-11
2.963671e-02 3.757674e-11
2.979431e-02 3.814731e-11
2.995275e-02 3.872661e-11
3.011203e-02 3.931435e-11
3.027215e-02 3.991020e-11
3.043313e-02 4.051378e-11
3.059497e-02 4.112470e-11
3.075766e-02 4.174246e-11
3.092122e-02 4.236660e-11
3.108565e-02 4.299656e-11
3.125096e-02 4.363174e-11
3.141714e-02 4.427155e-11
3.158421e-02 4.491531e-11
3.175216e-02 4.556236e-11
3.192101e-02 4.621195e-11
3.209076e-02 4.686337e-11
3.226141e-02 4.751588e-11
3.243297e-02 4.816869e-11
3.260543e-02 4.882106e-11
3.277882e-02 4.947225e-11
3.295313e-02 5.012151e-11
3.312836e-02 5.076813e-11
3.330453e-02 5.141145e-11
3.348164e-02 5.205082e-11
3.365968e-02 5.268566e-11
3.383867e-02 5.331544e-11
3.401862e-02 5.393971e-11
3.419952e-02 5.455806e-11
3.438138e-02 5.517019e-11
3.456421e-02 5.577587e-11
3.474801e-02 5.637493e-11
3.493279e-02 5.696731e-11
3.511856e-02 5.755302e-11
3.530531e-02 5.813217e-11
3.549305e-02 5.870492e-11
3.568179e-02 5.927154e-11
3.587154e-02 5.983235e-11
3.606229e-02 6.038774e-11
3.625406e-02 6.093818e-11
3.644685e-02 6.148418e-11
3.664066e-02 6.202630e-11
3.683551e-02 6.256515e-11
3.703139e-02 6.310137e-11
3.722831e-02 6.363562e-11
3.742628e-02 6.416863e-11
3.762530e-02 6.470108e-11
3.782538e-02 6.523371e-11
3.802653e-02 6.576726e-11
3.822874e-02 6.630245e-11
3.843203e-02 6.684003e-11
3.863640e-02 6.738074e-11
3.884186e-02 6.792526e-11
3.904841e-02 6.847434e-11
3.925606e-02 6.902866e-11
3.946481e-02 6.958888e-11
3.967467e-02 7.015571e-11
3.988565e-02 7.072974e-11
4.009775e-02 7.131163e-11
4.031098e-02 7.190199e-11
4.052534e-02 7.250134e-11
4.074084e-02 7.311031e-11
4.095749e-02 7.372941e-11
4.117529e-02 7.435913e-11
4.139425e-02 7.500004e-11
4.161437e-02 7.565249e-11
4.183566e-02 7.631705e-11
4.205813e-02 7.699410e-11
4.228179e-02 7.768399e-11
4.250663e-02 7.838723e-11
4.273267e-02 7.910402e-11
4.295991e-02 7.983484e-11
4.318836e-02 8.057993e-11
4.341802e-02 8.133959e-11
4.364890e-02 8.211416e-11
4.388101e-02 8.290375e-11
4.411436e-02 8.370877e-11
4.434895e-02 8.452926e-11
4.458478e-02 8.536549e-11
4.482187e-02 8.621764e-11
4.506022e-02 8.708572e-11
4.529984e-02 8.797005e-11
4.554073e-02 8.887045e-11
4.578290e-02 8.978728e-11
4.602636e-02 9.072032e-11
4.627112e-02 9.166975e-11
4.651717e-02 9.263552e-11
4.676454e-02 9.361750e-11
4.701322e-02 9.461586e-11
4.726322e-02 9.563021e-11
4.751455e-02 9.666081e-11
4.776722e-02 9.770713e-11
4.802124e-02 9.876944e-11
4.827660e-02 9.984719e-11
4.853332e-02 1.009405e-10
4.879141e-02 1.020490e-10
4.905086e-02 1.031725e-10
4.931170e-02 1.043109e-10
4.957393e-02 1.054637e-10
4.983755e-02 1.066311e-10
5.010257e-02 1.078123e-10
5.036900e-02 1.090076e-10
5.063685e-02 1.102162e-10
5.090612e-02 1.114385e-10
5.117682e-02 1.126737e-10
5.144897e-02 1.139222e-10
5.172256e-02 1.151831e-10
5.199760e-02 1.164570e-10
5.227411e-02 1.177430e-10
5.255209e-02 1.190420e-10
5.283155e-02 1.203527e-10
5.311249e-02 1.216764e-10
5.339493e-02 1.230118e-10
5.367887e-02 1.243603e-10
5.396431e-02 1.257206e-10
5.425128e-02 1.270942e-10
5.453977e-02 1.284801e-10
5.482980e-02 1.298795e-10
5.512137e-02 1.312915e-10
5.541449e-02 1.327176e-10
5.570917e-02 1.341572e-10
5.600541e-02 1.356110e-10
5.630323e-02 1.370791e-10
5.660264e-02 1.385619e-10
5.690363e-02 1.400600e-10
5.720623e-02 1.415729e-10
5.751044e-02 1.431021e-10
5.781626e-02 1.446461e-10
5.812371e-02 1.462073e-10
5.843280e-02 1.477836e-10
5.874352e-02 1.493772e-10
5.905591e-02 1.509864e-10
5.936995e-02 1.526124e-10
5.968566e-02 1.542549e-10
6.000305e-02 1.559131e-10
6.032213e-02 1.575885e-10
6.064290e-02 1.592785e-10
6.096539e-02 1.609858e-10
6.128958e-02 1.627077e-10
6.161550e-02 1.644455e-10
6.194316e-02 1.661991e-10
6.227255e-02 1.679664e-10
6.260370e-02 1.697505e-10
6.293661e-02 1.715481e-10
6.327129e-02 1.733616e-10
6.360774e-02 1.751908e-10
6.394599e-02 1.770339e-10
6.428604e-02 1.788950e-10
6.462789e-02 1.807707e-10
6.497157e-02 1.826638e-10
6.531707e-02 1.845757e-10
6.566440e-02 1.865039e-10
6.601359e-02 1.884536e-10
6.636463e-02 1.904228e-10
6.671754e-02 1.924118e-10
6.707232e-02 1.944254e-10
6.742899e-02 1.964597e-10
6.778756e-02 1.985179e-10
6.814803e-02 2.006026e-10
6.851043e-02 2.027095e-10
6.887474e-02 2.048431e-10
6.924100e-02 2.070041e-10
6.960920e-02 2.091881e-10
6.997936e-02 2.114000e-10
7.035149e-02 2.136395e-10
7.072560e-02 2.159019e-10
7.110170e-02 2.181923e-10
7.147980e-02 2.205109e-10
7.185991e-02 2.228523e-10
7.224204e-02 2.252216e-10
7.262620e-02 2.276209e-10
7.301241e-02 2.300451e-10
7.340067e-02 2.324975e-10
7.379099e-02 2.349837e-10
7.418339e-02 2.374992e-10
7.457787e-02 2.400442e-10
7.497446e-02 2.426266e-10
7.537315e-02 2.452448e-10
7.577396e-02 2.478944e-10
7.617691e-02 2.505804e-10
7.658199e-02 2.533071e-10
7.698923e-02 2.560675e-10
7.739864e-02 2.588584e-10
7.781022e-02 2.616852e-10
7.822400e-02 2.645466e-10
7.863997e-02 2.674333e-10
7.905815e-02 2.703423e-10
7.947856e-02 2.732781e-10
7.990121e-02 2.762384e-10
8.032610e-02 2.792148e-10
8.075325e-02 2.822050e-10
8.118267e-02 2.852144e-10
8.161438e-02 2.882464e-10
8.204838e-02 2.912970e-10
8.248469e-02 2.943636e-10
8.292332e-02 2.974529e-10
8.336428e-02 3.005748e-10
8.380759e-02 3.037306e-10
8.425325e-02 3.069184e-10
8.470128e-02 3.101378e-10
8.515170e-02 3.133942e-10
8.560451e-02 3.166948e-10
8.605973e-02 3.200382e-10
8.651737e-02 3.234208e-10
8.697745e-02 3.268392e-10
8.743997e-02 3.302950e-10
8.790495e-02 3.337943e-10
8.837240e-02 3.373400e-10
8.884234e-02 3.409340e-10
8.931478e-02 3.445749e-10
8.978973e-02 3.482662e-10
9.026721e-02 3.520090e-10
9.074722e-02 3.558094e-10
9.122979e-02 3.596707e-10
9.171492e-02 3.635970e-10
9.220263e-02 3.675818e-10
9.269294e-02 3.716168e-10
9.318586e-02 3.756896e-10
9.368139e-02 3.797961e-10
9.417956e-02 3.839277e-10
9.468038e-02 3.880778e-10
9.518386e-02 3.922433e-10
9.569002e-02 3.964297e-10
9.619888e-02 4.006395e-10
9.671043e-02 4.048713e-10
9.722471e-02 4.091379e-10
9.774172e-02 4.134461e-10
9.826149e-02 4.177968e-10
9.878401e-02 4.221972e-10
9.930932e-02 4.266527e-10
9.983742e-02 4.311589e-10
1.003683e-01 4.357170e-10
1.009021e-01 4.403331e-10
1.014386e-01 4.450026e-10
1.019780e-01 4.497361e-10
1.025203e-01 4.545423e-10
1.030655e-01 4.594225e-10
1.036136e-01 4.643953e-10
1.041646e-01 4.694513e-10
1.047185e-01 4.745900e-10
1.052753e-01 4.798096e-10
1.058352e-01 4.850774e-10
1.063980e-01 4.903929e-10
1.069638e-01 4.957248e-10
1.075326e-01 5.010761e-10
1.081044e-01 5.064372e-10
1.086793e-01 5.118142e-10
1.092572e-01 5.172263e-10
1.098382e-01 5.226797e-10
1.104223e-01 5.281992e-10
1.110095e-01 5.337725e-10
1.115998e-01 5.394207e-10
1.121932e-01 5.451223e-10
1.127898e-01 5.509015e-10
1.133896e-01 5.567471e-10
1.139926e-01 5.626920e-10
1.145988e-01 5.687419e-10
1.152082e-01 5.749189e-10
1.158208e-01 5.812285e-10
1.164367e-01 5.876399e-10
1.170559e-01 5.941390e-10
1.176784e-01 6.006507e-10
1.183042e-01 6.071777e-10
1.189333e-01 6.136794e-10
1.195657e-01 6.201876e-10
1.202015e-01 6.267521e-10
1.208407e-01 6.333857e-10
1.214833e-01 6.401266e-10
1.221293e-01 6.469289e-10
1.227788e-01 6.537633e-10
1.234317e-01 6.606800e-10
1.240881e-01 6.677040e-10
1.247479e-01 6.748970e-10
1.254113e-01 6.822838e-10
1.260782e-01 6.897724e-10
1.267486e-01 6.973197e-10
1.274227e-01 7.049757e-10
1.281003e-01 7.127520e-10
1.287815e-01 7.205206e-10
1.294663e-01 7.281939e-10
1.301547e-01 7.358609e-10
1.308469e-01 7.436793e-10
1.315427e-01 7.516483e-10
1.322422e-01 7.596034e-10
1.329454e-01 7.675928e-10
1.336524e-01 7.758305e-10
1.343631e-01 7.842794e-10
1.350776e-01 7.927465e-10
1.357959e-01 8.013874e-10
1.365180e-01 8.103744e-10
1.372440e-01 8.193233e-10
1.379738e-01 8.281305e-10
1.387075e-01 8.371226e-10
1.394451e-01 8.460787e-10
1.401867e-01 8.549027e-10
1.409321e-01 8.640804e-10
1.416816e-01 8.733320e-10
1.424350e-01 8.824896e-10
1.431924e-01 8.921462e-10
1.439539e-01 9.018537e-10
1.447194e-01 9.116802e-10
1.454889e-01 9.220166e-10
1.462626e-01 9.320048e-10
1.470404e-01 9.421772e-10
1.478223e-01 9.523402e-10
1.486084e-01 9.622834e-10
1.493986e-01 9.727836e-10
1.501931e-01 9.829360e-10
1.509918e-01 9.936334e-10
1.517947e-01 1.004276e-09
1.526019e-01 1.015270e-09
1.534134e-01 1.026637e-09
1.542292e-01 1.037833e-09
1.550494e-01 1.048402e-09
1.558739e-01 1.059389e-09
1.567028e-01 1.071038e-09
1.575361e-01 1.082167e-09
1.583738e-01 1.094084e-09
1.592160e-01 1.105542e-09
1.600626e-01 1.117823e-09
1.609138e-01 1.129909e-09
1.617695e-01 1.142700e-09
1.626298e-01 1.155221e-09
1.634946e-01 1.167743e-09
1.643640e-01 1.180451e-09
1.652380e-01 1.192635e-09
1.661167e-01 1.205860e-09
1.670001e-01 1.218463e-09
1.678881e-01 1.232196e-09
1.687809e-01 1.245783e-09
1.696784e-01 1.259353e-09
1.705807e-01 1.273727e-09
1.714878e-01 1.286922e-09
1.723998e-01 1.300815e-09
1.733165e-01 1.315222e-09
1.742382e-01 1.328758e-09
1.751647e-01 1.343589e-09
1.760962e-01 1.359033e-09
1.770326e-01 1.373449e-09
1.779740e-01 1.388656e-09
1.789205e-01 1.404157e-09
1.798719e-01 1.418645e-09
1.808284e-01 1.433849e-09
1.817900e-01 1.449940e-09
1.827567e-01 1.466348e-09
1.837286e-01 1.481997e-09
1.847056e-01 1.498295e-09
1.856878e-01 1.514984e-09
1.866752e-01 1.531545e-09
1.876679e-01 1.547418e-09
1.886659e-01 1.565666e-09
1.896691e-01 1.581923e-09
1.906777e-01 1.600348e-09
1.916917e-01 1.617721e-09
1.927111e-01 1.634905e-09
1.937359e-01 1.651875e-09
1.947661e-01 1.669693e-09
1.958018e-01 1.689023e-09
1.968430e-01 1.708284e-09
1.978898e-01 1.727343e-09
1.989421e-01 1.746254e-09
2.000000e-01 1.764845e-09
