# sqrt(Delta_m21^2) [eV]    g_IAXO [GeV^-1]    (varphi = pi/4, w_res = 200 eV)
1.000000e-03 5.036551e-08
1.005318e-03 5.116421e-08
1.010664e-03 4.949500e-08
1.016038e-03 4.929298e-08
1.021441e-03 4.754805e-08
1.026873e-03 4.214334e-08
1.032333e-03 4.620074e-08
1.037823e-03 4.469897e-08
1.043342e-03 4.306105e-08
1.048890e-03 4.171275e-08
1.054468e-03 4.216643e-08
1.060075e-03 4.133525e-08
1.065712e-03 4.008943e-08
1.071380e-03 3.851411e-08
1.077077e-03 3.660788e-08
1.082804e-03 3.764312e-08
1.088562e-03 3.593795e-08
1.094351e-03 3.639646e-08
1.100171e-03 3.498799e-08
1.106021e-03 3.502235e-08
1.111902e-03 3.434873e-08
1.117815e-03 3.352844e-08
1.123759e-03 3.293404e-08
1.129735e-03 3.214950e-08
1.135743e-03 3.150391e-08
1.141782e-03 3.034166e-08
1.147854e-03 3.017116e-08
1.153958e-03 2.871292e-08
1.160094e-03 2.897263e-08
1.166263e-03 2.795449e-08
1.172465e-03 2.779768e-08
1.178700e-03 2.721567e-08
1.184968e-03 2.662766e-08
1.191269e-03 2.606282e-08
1.197604e-03 2.463949e-08
1.203973e-03 2.495159e-08
1.210375e-03 2.442745e-08
1.216812e-03 2.394686e-08
1.223282e-03 2.346736e-08
1.229787e-03 2.296983e-08
1.236327e-03 2.238535e-08
1.242901e-03 2.191747e-08
1.249511e-03 2.146512e-08
1.256155e-03 2.102090e-08
1.262835e-03 2.057995e-08
1.269551e-03 2.019677e-08
1.276302e-03 1.980701e-08
1.283089e-03 1.936300e-08
1.289912e-03 1.896347e-08
1.296771e-03 1.854131e-08
1.303667e-03 1.819687e-08
1.310600e-03 1.780536e-08
1.317569e-03 1.738736e-08
1.324575e-03 1.705792e-08
1.331619e-03 1.671740e-08
1.338700e-03 1.635132e-08
1.345819e-03 1.599716e-08
1.352976e-03 1.567972e-08
1.360170e-03 1.535384e-08
1.367403e-03 1.502672e-08
1.374675e-03 1.472078e-08
1.381985e-03 1.439786e-08
1.389334e-03 1.409125e-08
1.396722e-03 1.381163e-08
1.404149e-03 1.350667e-08
1.411616e-03 1.323720e-08
1.419123e-03 1.295130e-08
1.426669e-03 1.269186e-08
1.434256e-03 1.242311e-08
1.441883e-03 1.216172e-08
1.449550e-03 1.190199e-08
1.457259e-03 1.165863e-08
1.465008e-03 1.141277e-08
1.472798e-03 1.117465e-08
1.480630e-03 1.093897e-08
1.488504e-03 1.071094e-08
1.496419e-03 1.048702e-08
1.504377e-03 1.026736e-08
1.512377e-03 1.005315e-08
1.520419e-03 9.841819e-09
1.528504e-03 9.636228e-09
1.536632e-03 9.433842e-09
1.544804e-03 9.235839e-09
1.553019e-03 9.043156e-09
1.561277e-03 8.853650e-09
1.569580e-03 8.668112e-09
1.577926e-03 8.485873e-09
1.586317e-03 8.308655e-09
1.594753e-03 8.134572e-09
1.603233e-03 7.964145e-09
1.611759e-03 7.796682e-09
1.620329e-03 7.633928e-09
1.628946e-03 7.473918e-09
1.637608e-03 7.317404e-09
1.646317e-03 7.164085e-09
1.655071e-03 7.014087e-09
1.663872e-03 6.866910e-09
1.672720e-03 6.722807e-09
1.681615e-03 6.582240e-09
1.690558e-03 6.444361e-09
1.699548e-03 6.309711e-09
1.708585e-03 6.177583e-09
1.717671e-03 6.047939e-09
1.726805e-03 5.921351e-09
1.735988e-03 5.797578e-09
1.745219e-03 5.676047e-09
1.754500e-03 5.557396e-09
1.763830e-03 5.441055e-09
1.773209e-03 5.327166e-09
1.782639e-03 5.215650e-09
1.792118e-03 5.106492e-09
1.801648e-03 4.999624e-09
1.811229e-03 4.895002e-09
1.820860e-03 4.792570e-09
1.830543e-03 4.692190e-09
1.840278e-03 4.594033e-09
1.850064e-03 4.497930e-09
1.859902e-03 4.403837e-09
1.869792e-03 4.311777e-09
1.879735e-03 4.221575e-09
1.889731e-03 4.133297e-09
1.899780e-03 4.046853e-09
1.909883e-03 3.962223e-09
1.920039e-03 3.879370e-09
1.930249e-03 3.798252e-09
1.940513e-03 3.718850e-09
1.950833e-03 3.641099e-09
1.961207e-03 3.565010e-09
1.971636e-03 3.490502e-09
1.982120e-03 3.417557e-09
1.992661e-03 3.346142e-09
2.003257e-03 3.276224e-09
2.013910e-03 3.207779e-09
2.024619e-03 3.140759e-09
2.035385e-03 3.075164e-09
2.046209e-03 3.010936e-09
2.057090e-03 2.948055e-09
2.068029e-03 2.886498e-09
2.079026e-03 2.826234e-09
2.090082e-03 2.767227e-09
2.101196e-03 2.709471e-09
2.112370e-03 2.652923e-09
2.123603e-03 2.597562e-09
2.134896e-03 2.543362e-09
2.146248e-03 2.490301e-09
2.157662e-03 2.438354e-09
2.169135e-03 2.387497e-09
2.180670e-03 2.337708e-09
2.192266e-03 2.288965e-09
2.203924e-03 2.241245e-09
2.215644e-03 2.194527e-09
2.227426e-03 2.148790e-09
2.239271e-03 2.104014e-09
2.251179e-03 2.060177e-09
2.263150e-03 2.017262e-09
2.275185e-03 1.975247e-09
2.287284e-03 1.934114e-09
2.299447e-03 1.893846e-09
2.311674e-03 1.854423e-09
2.323967e-03 1.815828e-09
2.336325e-03 1.778044e-09
2.348749e-03 1.741052e-09
2.361239e-03 1.704839e-09
2.373796e-03 1.669384e-09
2.386419e-03 1.634677e-09
2.399109e-03 1.600696e-09
2.411867e-03 1.567431e-09
2.424692e-03 1.534863e-09
2.437586e-03 1.502980e-09
2.450549e-03 1.471766e-09
2.463580e-03 1.441208e-09
2.476681e-03 1.411293e-09
2.489851e-03 1.382005e-09
2.503091e-03 1.353333e-09
2.516402e-03 1.325263e-09
2.529783e-03 1.297781e-09
2.543236e-03 1.270880e-09
2.556760e-03 1.244542e-09
2.570356e-03 1.218758e-09
2.584025e-03 1.193516e-09
2.597766e-03 1.168804e-09
2.611580e-03 1.144612e-09
2.625468e-03 1.120928e-09
2.639429e-03 1.097741e-09
2.653465e-03 1.075042e-09
2.667575e-03 1.052820e-09
2.681761e-03 1.031066e-09
2.696021e-03 1.009768e-09
2.710358e-03 9.889186e-10
2.724771e-03 9.685073e-10
2.739260e-03 9.485249e-10
2.753827e-03 9.289631e-10
2.768471e-03 9.098125e-10
2.783193e-03 8.910646e-10
2.797993e-03 8.727111e-10
2.812872e-03 8.547435e-10
2.827830e-03 8.371540e-10
2.842868e-03 8.199345e-10
2.857985e-03 8.030772e-10
2.873183e-03 7.865747e-10
2.888462e-03 7.704195e-10
2.903822e-03 7.546042e-10
2.919264e-03 7.391219e-10
2.934788e-03 7.239654e-10
2.950394e-03 7.091281e-10
2.966083e-03 6.946032e-10
2.981856e-03 6.803841e-10
2.997713e-03 6.664646e-10
3.013654e-03 6.528382e-10
3.029679e-03 6.394989e-10
3.045790e-03 6.264407e-10
3.061987e-03 6.136577e-10
3.078270e-03 6.011441e-10
3.094639e-03 5.888943e-10
3.111095e-03 5.769028e-10
3.127639e-03 5.651642e-10
3.144271e-03 5.536732e-10
3.160992e-03 5.424246e-10
3.177801e-03 5.314134e-10
3.194699e-03 5.206346e-10
3.211688e-03 5.100833e-10
3.228767e-03 4.997549e-10
3.245936e-03 4.896446e-10
3.263197e-03 4.797479e-10
3.280550e-03 4.700603e-10
3.297995e-03 4.605775e-10
3.315533e-03 4.512952e-10
3.333164e-03 4.422092e-10
3.350889e-03 4.333155e-10
3.368708e-03 4.246100e-10
3.386622e-03 4.160888e-10
3.404631e-03 4.077480e-10
3.422735e-03 3.995840e-10
3.440937e-03 3.915930e-10
3.459234e-03 3.837714e-10
3.477630e-03 3.761157e-10
3.496123e-03 3.686225e-10
3.514714e-03 3.612884e-10
3.533404e-03 3.541100e-10
3.552194e-03 3.470841e-10
3.571083e-03 3.402076e-10
3.590073e-03 3.334774e-10
3.609164e-03 3.268903e-10
3.628357e-03 3.204436e-10
3.647651e-03 3.141342e-10
3.667049e-03 3.079593e-10
3.686549e-03 3.019160e-10
3.706153e-03 2.960018e-10
3.725861e-03 2.902139e-10
3.745674e-03 2.845497e-10
3.765593e-03 2.790066e-10
3.785617e-03 2.735822e-10
3.805748e-03 2.682739e-10
3.825986e-03 2.630794e-10
3.846331e-03 2.579964e-10
3.866785e-03 2.530224e-10
3.887347e-03 2.481554e-10
3.908019e-03 2.433930e-10
3.928801e-03 2.387332e-10
3.949693e-03 2.341738e-10
3.970696e-03 2.297127e-10
3.991811e-03 2.253479e-10
4.013039e-03 2.210775e-10
4.034379e-03 2.168995e-10
4.055832e-03 2.128120e-10
4.077400e-03 2.088131e-10
4.099083e-03 2.049010e-10
4.120880e-03 2.010740e-10
4.142794e-03 1.973303e-10
4.164824e-03 1.936681e-10
4.186971e-03 1.900859e-10
4.209237e-03 1.865820e-10
4.231620e-03 1.831547e-10
4.254123e-03 1.798025e-10
4.276745e-03 1.765240e-10
4.299487e-03 1.733174e-10
4.322351e-03 1.701815e-10
4.345336e-03 1.671147e-10
4.368443e-03 1.641157e-10
4.391673e-03 1.611830e-10
4.415027e-03 1.583153e-10
4.438505e-03 1.555112e-10
4.462107e-03 1.527695e-10
4.485835e-03 1.500889e-10
4.509690e-03 1.474682e-10
4.533671e-03 1.449060e-10
4.557780e-03 1.424012e-10
4.582017e-03 1.399527e-10
4.606383e-03 1.375592e-10
4.630878e-03 1.352196e-10
4.655504e-03 1.329329e-10
4.680260e-03 1.306979e-10
4.705148e-03 1.285136e-10
4.730169e-03 1.263789e-10
4.755323e-03 1.242927e-10
4.780610e-03 1.222541e-10
4.806032e-03 1.202621e-10
4.831589e-03 1.183157e-10
4.857282e-03 1.164140e-10
4.883112e-03 1.145559e-10
4.909079e-03 1.127406e-10
4.935184e-03 1.109671e-10
4.961428e-03 1.092346e-10
4.987811e-03 1.075421e-10
5.014335e-03 1.058888e-10
5.041000e-03 1.042739e-10
5.067806e-03 1.026964e-10
5.094755e-03 1.011555e-10
5.121848e-03 9.965047e-11
5.149084e-03 9.818041e-11
5.176466e-03 9.674453e-11
5.203993e-03 9.534203e-11
5.231666e-03 9.397212e-11
5.259486e-03 9.263400e-11
5.287455e-03 9.132690e-11
5.315572e-03 9.005005e-11
5.343839e-03 8.880268e-11
5.372256e-03 8.758402e-11
5.400824e-03 8.639331e-11
5.429544e-03 8.522980e-11
5.458416e-03 8.409274e-11
5.487443e-03 8.298137e-11
5.516623e-03 8.189495e-11
5.545959e-03 8.083273e-11
5.575451e-03 7.979396e-11
5.605100e-03 7.877790e-11
5.634906e-03 7.778380e-11
5.664871e-03 7.681093e-11
5.694995e-03 7.585854e-11
5.725279e-03 7.492588e-11
5.755725e-03 7.401222e-11
5.786332e-03 7.311681e-11
5.817102e-03 7.223893e-11
5.848035e-03 7.137783e-11
5.879134e-03 7.053278e-11
5.910397e-03 6.970305e-11
5.941827e-03 6.888793e-11
5.973424e-03 6.808670e-11
6.005189e-03 6.729864e-11
6.037123e-03 6.652308e-11
6.069226e-03 6.575931e-11
6.101501e-03 6.500668e-11
6.133947e-03 6.426452e-11
6.166565e-03 6.353221e-11
6.199357e-03 6.280914e-11
6.232324e-03 6.209472e-11
6.265465e-03 6.138838e-11
6.298783e-03 6.068960e-11
6.332278e-03 5.999788e-11
6.365952e-03 5.931275e-11
6.399804e-03 5.863380e-11
6.433836e-03 5.796064e-11
6.468049e-03 5.729291e-11
6.502445e-03 5.663033e-11
6.537023e-03 5.597263e-11
6.571785e-03 5.531960e-11
6.606732e-03 5.467109e-11
6.641864e-03 5.402696e-11
6.677184e-03 5.338715e-11
6.712691e-03 5.275163e-11
6.748387e-03 5.212041e-11
6.784273e-03 5.149355e-11
6.820350e-03 5.087113e-11
6.856619e-03 5.025329e-11
6.893080e-03 4.964018e-11
6.929736e-03 4.903200e-11
6.966586e-03 4.842896e-11
7.003632e-03 4.783128e-11
7.040876e-03 4.723922e-11
7.078317e-03 4.665304e-11
7.115957e-03 4.607300e-11
7.153798e-03 4.549937e-11
7.191840e-03 4.493241e-11
7.230084e-03 4.437239e-11
7.268531e-03 4.381955e-11
7.307183e-03 4.327413e-11
7.346041e-03 4.273636e-11
7.385105e-03 4.220641e-11
7.424377e-03 4.168449e-11
7.463857e-03 4.117072e-11
7.503548e-03 4.066525e-11
7.543450e-03 4.016817e-11
7.583564e-03 3.967955e-11
7.623891e-03 3.919943e-11
7.664432e-03 3.872783e-11
7.705190e-03 3.826473e-11
7.746164e-03 3.781009e-11
7.787355e-03 3.736385e-11
7.828766e-03 3.692592e-11
7.870397e-03 3.649619e-11
7.912250e-03 3.607452e-11
7.954325e-03 3.566078e-11
7.996624e-03 3.525479e-11
8.039148e-03 3.485639e-11
8.081897e-03 3.446539e-11
8.124875e-03 3.408161e-11
8.168080e-03 3.370485e-11
8.211516e-03 3.333492e-11
8.255182e-03 3.297164e-11
8.299081e-03 3.261480e-11
8.343213e-03 3.226424e-11
8.387580e-03 3.191979e-11
8.432183e-03 3.158127e-11
8.477022e-03 3.124854e-11
8.522101e-03 3.092146e-11
8.567419e-03 3.059989e-11
8.612978e-03 3.028373e-11
8.658779e-03 2.997285e-11
8.704824e-03 2.966717e-11
8.751114e-03 2.936660e-11
8.797650e-03 2.907104e-11
8.844433e-03 2.878043e-11
8.891465e-03 2.849469e-11
8.938747e-03 2.821375e-11
8.986281e-03 2.793753e-11
9.034068e-03 2.766597e-11
9.082108e-03 2.739898e-11
9.130404e-03 2.713648e-11
9.178957e-03 2.687838e-11
9.227768e-03 2.662461e-11
9.276839e-03 2.637505e-11
9.326170e-03 2.612961e-11
9.375764e-03 2.588818e-11
9.425622e-03 2.565067e-11
9.475744e-03 2.541697e-11
9.526134e-03 2.518697e-11
9.576791e-03 2.496058e-11
9.627717e-03 2.473771e-11
9.678915e-03 2.451830e-11
9.730384e-03 2.430226e-11
9.782128e-03 2.408954e-11
9.834146e-03 2.388012e-11
9.886441e-03 2.367397e-11
9.939015e-03 2.347108e-11
9.991867e-03 2.327145e-11
1.004500e-02 2.307512e-11
1.009842e-02 2.288211e-11
1.015212e-02 2.269245e-11
1.020610e-02 2.250618e-11
1.026038e-02 2.232336e-11
1.031494e-02 2.214402e-11
1.036979e-02 2.196818e-11
1.042493e-02 2.179587e-11
1.048037e-02 2.162710e-11
1.053610e-02 2.146187e-11
1.059213e-02 2.130015e-11
1.064846e-02 2.114190e-11
1.070508e-02 2.098708e-11
1.076201e-02 2.083561e-11
1.081924e-02 2.068742e-11
1.087677e-02 2.054243e-11
1.093461e-02 2.040053e-11
1.099276e-02 2.026164e-11
1.105121e-02 2.012566e-11
1.110998e-02 1.999249e-11
1.116906e-02 1.986204e-11
1.122845e-02 1.973422e-11
1.128816e-02 1.960894e-11
1.134819e-02 1.948613e-11
1.140854e-02 1.936570e-11
1.146921e-02 1.924757e-11
1.153020e-02 1.913167e-11
1.159151e-02 1.901792e-11
1.165315e-02 1.890623e-11
1.171512e-02 1.879651e-11
1.177742e-02 1.868869e-11
1.184004e-02 1.858267e-11
1.190301e-02 1.847839e-11
1.196630e-02 1.837579e-11
1.202994e-02 1.827480e-11
1.209391e-02 1.817539e-11
1.215822e-02 1.807755e-11
1.222287e-02 1.798129e-11
1.228787e-02 1.788663e-11
1.235321e-02 1.779362e-11
1.241891e-02 1.770233e-11
1.248495e-02 1.761281e-11
1.255134e-02 1.752515e-11
1.261808e-02 1.743942e-11
1.268518e-02 1.735569e-11
1.275264e-02 1.727401e-11
1.282045e-02 1.719441e-11
1.288863e-02 1.711694e-11
1.295717e-02 1.704160e-11
1.302607e-02 1.696839e-11
1.309534e-02 1.689732e-11
1.316497e-02 1.682837e-11
1.323498e-02 1.676153e-11
1.330536e-02 1.669679e-11
1.337612e-02 1.663411e-11
1.344725e-02 1.657349e-11
1.351875e-02 1.651488e-11
1.359064e-02 1.645824e-11
1.366291e-02 1.640353e-11
1.373557e-02 1.635067e-11
1.380861e-02 1.629961e-11
1.388204e-02 1.625027e-11
1.395586e-02 1.620260e-11
1.403008e-02 1.615653e-11
1.410468e-02 1.611204e-11
1.417969e-02 1.606910e-11
1.425509e-02 1.602771e-11
1.433090e-02 1.598789e-11
1.440710e-02 1.594967e-11
1.448372e-02 1.591308e-11
1.456074e-02 1.587814e-11
1.463817e-02 1.584487e-11
1.471601e-02 1.581329e-11
1.479426e-02 1.578341e-11
1.487293e-02 1.575524e-11
1.495202e-02 1.572878e-11
1.503153e-02 1.570405e-11
1.511147e-02 1.568106e-11
1.519183e-02 1.565985e-11
1.527261e-02 1.564041e-11
1.535383e-02 1.562276e-11
1.543547e-02 1.560691e-11
1.551756e-02 1.559286e-11
1.560007e-02 1.558059e-11
1.568303e-02 1.557011e-11
1.576643e-02 1.556141e-11
1.585027e-02 1.555453e-11
1.593456e-02 1.554949e-11
1.601929e-02 1.554633e-11
1.610448e-02 1.554508e-11
1.619012e-02 1.554578e-11
1.627621e-02 1.554844e-11
1.636276e-02 1.555305e-11
1.644978e-02 1.555960e-11
1.653725e-02 1.556805e-11
1.662519e-02 1.557839e-11
1.671360e-02 1.559057e-11
1.680248e-02 1.560458e-11
1.689183e-02 1.562038e-11
1.698165e-02 1.563794e-11
1.707196e-02 1.565722e-11
1.716274e-02 1.567819e-11
1.725401e-02 1.570084e-11
1.734576e-02 1.572520e-11
1.743800e-02 1.575132e-11
1.753073e-02 1.577927e-11
1.762395e-02 1.580914e-11
1.771767e-02 1.584102e-11
1.781189e-02 1.587499e-11
1.790661e-02 1.591113e-11
1.800183e-02 1.594948e-11
1.809756e-02 1.599011e-11
1.819380e-02 1.603307e-11
1.829055e-02 1.607838e-11
1.838781e-02 1.612606e-11
1.848559e-02 1.617611e-11
1.858389e-02 1.622849e-11
1.868272e-02 1.628320e-11
1.878206e-02 1.634024e-11
1.888194e-02 1.639964e-11
1.898235e-02 1.646143e-11
1.908329e-02 1.652564e-11
1.918477e-02 1.659230e-11
1.928679e-02 1.666143e-11
1.938935e-02 1.673306e-11
1.949246e-02 1.680721e-11
1.959612e-02 1.688394e-11
1.970032e-02 1.696329e-11
1.980508e-02 1.704528e-11
1.991040e-02 1.712996e-11
2.001628e-02 1.721741e-11
2.012272e-02 1.730772e-11
2.022973e-02 1.740102e-11
2.033730e-02 1.749742e-11
2.044545e-02 1.759703e-11
2.055417e-02 1.769990e-11
2.066347e-02 1.780610e-11
2.077336e-02 1.791566e-11
2.088382e-02 1.802862e-11
2.099488e-02 1.814499e-11
2.110652e-02 1.826477e-11
2.121876e-02 1.838802e-11
2.133160e-02 1.851480e-11
2.144503e-02 1.864527e-11
2.155907e-02 1.877954e-11
2.167371e-02 1.891774e-11
2.178897e-02 1.905998e-11
2.190484e-02 1.920633e-11
2.202132e-02 1.935689e-11
2.213842e-02 1.951168e-11
2.225615e-02 1.967073e-11
2.237450e-02 1.983406e-11
2.249348e-02 2.000176e-11
2.261309e-02 2.017395e-11
2.273334e-02 2.035077e-11
2.285423e-02 2.053232e-11
2.297577e-02 2.071871e-11
2.309794e-02 2.091008e-11
2.322077e-02 2.110654e-11
2.334425e-02 2.130819e-11
2.346839e-02 2.151514e-11
2.359319e-02 2.172759e-11
2.371865e-02 2.194571e-11
2.384478e-02 2.216968e-11
2.397158e-02 2.239960e-11
2.409905e-02 2.263555e-11
2.422721e-02 2.287761e-11
2.435604e-02 2.312581e-11
2.448556e-02 2.338022e-11
2.461576e-02 2.364102e-11
2.474666e-02 2.390849e-11
2.487826e-02 2.418289e-11
2.501056e-02 2.446443e-11
2.514355e-02 2.475331e-11
2.527726e-02 2.504963e-11
2.541168e-02 2.535343e-11
2.554681e-02 2.566473e-11
2.568266e-02 2.598367e-11
2.581923e-02 2.631042e-11
2.595653e-02 2.664509e-11
2.609456e-02 2.698783e-11
2.623332e-02 2.733880e-11
2.637283e-02 2.769815e-11
2.651307e-02 2.806611e-11
2.665406e-02 2.844308e-11
2.679580e-02 2.882945e-11
2.693829e-02 2.922547e-11
2.708154e-02 2.963132e-11
2.722555e-02 3.004706e-11
2.737033e-02 3.047264e-11
2.751588e-02 3.090820e-11
2.766220e-02 3.135400e-11
2.780930e-02 3.181018e-11
2.795718e-02 3.227675e-11
2.810585e-02 3.275357e-11
2.825530e-02 3.324029e-11
2.840556e-02 3.373674e-11
2.855661e-02 3.424299e-11
2.870847e-02 3.475910e-11
2.886113e-02 3.528522e-11
2.901461e-02 3.582151e-11
2.916890e-02 3.636819e-11
2.932401e-02 3.692587e-11
2.947994e-02 3.749517e-11
2.963671e-02 3.807622e-11
2.979431e-02 3.866871e-11
2.995275e-02 3.927180e-11
3.011203e-02 3.988480e-11
3.027215e-02 4.050738e-11
3.043313e-02 4.113894e-11
3.059497e-02 4.177856e-11
3.075766e-02 4.242477e-11
3.092122e-02 4.307630e-11
3.108565e-02 4.373262e-11
3.125096e-02 4.439332e-11
3.141714e-02 4.505833e-11
3.158421e-02 4.572766e-11
3.175216e-02 4.640219e-11
3.192101e-02 4.708323e-11
3.209076e-02 4.777088e-11
3.226141e-02 4.846388e-11
3.243297e-02 4.916010e-11
3.260543e-02 4.985855e-11
3.277882e-02 5.055803e-11
3.295313e-02 5.125628e-11
3.312836e-02 5.194966e-11
3.330453e-02 5.263536e-11
3.348164e-02 5.331207e-11
3.365968e-02 5.397885e-11
3.383867e-02 5.463535e-11
3.401862e-02 5.528316e-11
3.419952e-02 5.592606e-11
3.438138e-02 5.656647e-11
3.456421e-02 5.720511e-11
3.474801e-02 5.784331e-11
3.493279e-02 5.848389e-11
3.511856e-02 5.912608e-11
3.530531e-02 5.976399e-11
3.549305e-02 6.039089e-11
3.568179e-02 6.100197e-11
3.587154e-02 6.159350e-11
3.606229e-02 6.216386e-11
3.625406e-02 6.271752e-11
3.644685e-02 6.326079e-11
3.664066e-02 6.379925e-11
3.683551e-02 6.434048e-11
3.703139e-02 6.489548e-11
3.722831e-02 6.546834e-11
3.742628e-02 6.605294e-11
3.762530e-02 6.664153e-11
3.782538e-02 6.722588e-11
3.802653e-02 6.779843e-11
3.822874e-02 6.835759e-11
3.843203e-02 6.890569e-11
3.863640e-02 6.944297e-11
3.884186e-02 6.997320e-11
3.904841e-02 7.050739e-11
3.925606e-02 7.105341e-11
3.946481e-02 7.161613e-11
3.967467e-02 7.220279e-11
3.988565e-02 7.281598e-11
4.009775e-02 7.345459e-11
4.031098e-02 7.411416e-11
4.052534e-02 7.477785e-11
4.074084e-02 7.543019e-11
4.095749e-02 7.606730e-11
4.117529e-02 7.668598e-11
4.139425e-02 7.729184e-11
4.161437e-02 7.790393e-11
4.183566e-02 7.854578e-11
4.205813e-02 7.924226e-11
4.228179e-02 7.999707e-11
4.250663e-02 8.079374e-11
4.273267e-02 8.161609e-11
4.295991e-02 8.243840e-11
4.318836e-02 8.324005e-11
4.341802e-02 8.401592e-11
4.364890e-02 8.477230e-11
4.388101e-02 8.553080e-11
4.411436e-02 8.630881e-11
4.434895e-02 8.713239e-11
4.458478e-02 8.802210e-11
4.482187e-02 8.897031e-11
4.506022e-02 8.995976e-11
4.529984e-02 9.096544e-11
4.554073e-02 9.197377e-11
4.578290e-02 9.296884e-11
4.602636e-02 9.394742e-11
4.627112e-02 9.490442e-11
4.651717e-02 9.583456e-11
4.676454e-02 9.676801e-11
4.701322e-02 9.776353e-11
4.726322e-02 9.887795e-11
4.751455e-02 1.001086e-10
4.776722e-02 1.014079e-10
4.802124e-02 1.026800e-10
4.827660e-02 1.038618e-10
4.853332e-02 1.049477e-10
4.879141e-02 1.059876e-10
4.905086e-02 1.070365e-10
4.931170e-02 1.081743e-10
4.957393e-02 1.094374e-10
4.983755e-02 1.108206e-10
5.010257e-02 1.122758e-10
5.036900e-02 1.137258e-10
5.063685e-02 1.151018e-10
5.090612e-02 1.164037e-10
5.117682e-02 1.176400e-10
5.144897e-02 1.188345e-10
5.172256e-02 1.200436e-10
5.199760e-02 1.213327e-10
5.227411e-02 1.227937e-10
5.255209e-02 1.244170e-10
5.283155e-02 1.261131e-10
5.311249e-02 1.277764e-10
5.339493e-02 1.292894e-10
5.367887e-02 1.305977e-10
5.396431e-02 1.317154e-10
5.425128e-02 1.328465e-10
5.453977e-02 1.343041e-10
5.482980e-02 1.361657e-10
5.512137e-02 1.382069e-10
5.541449e-02 1.400672e-10
5.570917e-02 1.416202e-10
5.600541e-02 1.430147e-10
5.630323e-02 1.443839e-10
5.660264e-02 1.457603e-10
5.690363e-02 1.472262e-10
5.720623e-02 1.489598e-10
5.751044e-02 1.509702e-10
5.781626e-02 1.531240e-10
5.812371e-02 1.551694e-10
5.843280e-02 1.569378e-10
5.874352e-02 1.583631e-10
5.905591e-02 1.595982e-10
5.936995e-02 1.609368e-10
5.968566e-02 1.627860e-10
6.000305e-02 1.652615e-10
6.032213e-02 1.679771e-10
6.064290e-02 1.702361e-10
6.096539e-02 1.718030e-10
6.128958e-02 1.729552e-10
6.161550e-02 1.742249e-10
6.194316e-02 1.760734e-10
6.227255e-02 1.786297e-10
6.260370e-02 1.813438e-10
6.293661e-02 1.836187e-10
6.327129e-02 1.856742e-10
6.360774e-02 1.877129e-10
6.394599e-02 1.892216e-10
6.428604e-02 1.903235e-10
6.462789e-02 1.921028e-10
6.497157e-02 1.951676e-10
6.531707e-02 1.986364e-10
6.566440e-02 2.012658e-10
6.601359e-02 2.029893e-10
6.636463e-02 2.041006e-10
6.671754e-02 2.051574e-10
6.707232e-02 2.074271e-10
6.742899e-02 2.110779e-10
6.778756e-02 2.147144e-10
6.814803e-02 2.171915e-10
6.851043e-02 2.187307e-10
6.887474e-02 2.203121e-10
6.924100e-02 2.221720e-10
6.960920e-02 2.245331e-10
6.997936e-02 2.277029e-10
7.035149e-02 2.314984e-10
7.072560e-02 2.352028e-10
7.110170e-02 2.373785e-10
7.147980e-02 2.379430e-10
7.185991e-02 2.388017e-10
7.224204e-02 2.426198e-10
7.262620e-02 2.482659e-10
7.301241e-02 2.517309e-10
7.340067e-02 2.535153e-10
7.379099e-02 2.551508e-10
7.418339e-02 2.565571e-10
7.457787e-02 2.594590e-10
7.497446e-02 2.645658e-10
7.537315e-02 2.687741e-10
7.577396e-02 2.717167e-10
7.617691e-02 2.746445e-10
7.658199e-02 2.759302e-10
7.698923e-02 2.769628e-10
7.739864e-02 2.818875e-10
7.781022e-02 2.890742e-10
7.822400e-02 2.935000e-10
7.863997e-02 2.939649e-10
7.905815e-02 2.938635e-10
7.947856e-02 2.978329e-10
7.990121e-02 3.043283e-10
8.032610e-02 3.092999e-10
8.075325e-02 3.122046e-10
8.118267e-02 3.152518e-10
8.161438e-02 3.162884e-10
8.204838e-02 3.181107e-10
8.248469e-02 3.247971e-10
8.292332e-02 3.313510e-10
8.336428e-02 3.350842e-10
8.380759e-02 3.368150e-10
8.425325e-02 3.348528e-10
8.470128e-02 3.404130e-10
8.515170e-02 3.515884e-10
8.560451e-02 3.543191e-10
8.605973e-02 3.545457e-10
8.651737e-02 3.574057e-10
8.697745e-02 3.605510e-10
8.743997e-02 3.666308e-10
8.790495e-02 3.730768e-10
8.837240e-02 3.795230e-10
8.884234e-02 3.800923e-10
8.931478e-02 3.784933e-10
8.978973e-02 3.865819e-10
9.026721e-02 3.969908e-10
9.074722e-02 4.019702e-10
9.122979e-02 4.011504e-10
9.171492e-02 4.017602e-10
9.220263e-02 4.102573e-10
9.269294e-02 4.212806e-10
9.318586e-02 4.203624e-10
9.368139e-02 4.293770e-10
9.417956e-02 4.287043e-10
9.468038e-02 4.300707e-10
9.518386e-02 4.451696e-10
9.569002e-02 4.518995e-10
9.619888e-02 4.515676e-10
9.671043e-02 4.489679e-10
9.722471e-02 4.609570e-10
9.774172e-02 4.708307e-10
9.826149e-02 4.728518e-10
9.878401e-02 4.760990e-10
9.930932e-02 4.774074e-10
9.983742e-02 4.874144e-10
1.003683e-01 4.921998e-10
1.009021e-01 5.050393e-10
1.014386e-01 5.022870e-10
1.019780e-01 4.990185e-10
1.025203e-01 5.223617e-10
1.030655e-01 5.254324e-10
1.036136e-01 5.240879e-10
1.041646e-01 5.302442e-10
1.047185e-01 5.374559e-10
1.052753e-01 5.478884e-10
1.058352e-01 5.538963e-10
1.063980e-01 5.593586e-10
1.069638e-01 5.568748e-10
1.075326e-01 5.727371e-10
1.081044e-01 5.841973e-10
1.086793e-01 5.842345e-10
1.092572e-01 5.800468e-10
1.098382e-01 6.044934e-10
1.104223e-01 5.998763e-10
1.110095e-01 6.109993e-10
1.115998e-01 6.147496e-10
1.121932e-01 6.185500e-10
1.127898e-01 6.335111e-10
1.133896e-01 6.387101e-10
1.139926e-01 6.423863e-10
1.145988e-01 6.429224e-10
1.152082e-01 6.709011e-10
1.158208e-01 6.602170e-10
1.164367e-01 6.728017e-10
1.170559e-01 6.828384e-10
1.176784e-01 6.803589e-10
1.183042e-01 7.051785e-10
1.189333e-01 7.047364e-10
1.195657e-01 7.042867e-10
1.202015e-01 7.272349e-10
1.208407e-01 7.261804e-10
1.214833e-01 7.334005e-10
1.221293e-01 7.417315e-10
1.227788e-01 7.506660e-10
1.234317e-01 7.561699e-10
1.240881e-01 7.720708e-10
1.247479e-01 7.685638e-10
1.254113e-01 7.897729e-10
1.260782e-01 7.996938e-10
1.267486e-01 7.900544e-10
1.274227e-01 8.302458e-10
1.281003e-01 8.029898e-10
1.287815e-01 8.417469e-10
1.294663e-01 8.400458e-10
1.301547e-01 8.378003e-10
1.308469e-01 8.580135e-10
1.315427e-01 8.695003e-10
1.322422e-01 8.767996e-10
1.329454e-01 8.792207e-10
1.336524e-01 8.902704e-10
1.343631e-01 9.044193e-10
1.350776e-01 9.040594e-10
1.357959e-01 9.229227e-10
1.365180e-01 9.387359e-10
1.372440e-01 9.476709e-10
1.379738e-01 9.270712e-10
1.387075e-01 9.830962e-10
1.394451e-01 9.766167e-10
1.401867e-01 9.686586e-10
1.409321e-01 9.917159e-10
1.416816e-01 1.014274e-09
1.424350e-01 1.004818e-09
1.431924e-01 1.014596e-09
1.439539e-01 1.051915e-09
1.447194e-01 1.065018e-09
1.454889e-01 1.034625e-09
1.462626e-01 1.094381e-09
1.470404e-01 1.099771e-09
1.478223e-01 1.040629e-09
1.486084e-01 1.143968e-09
1.493986e-01 1.106267e-09
1.501931e-01 1.105831e-09
1.509918e-01 1.153946e-09
1.517947e-01 1.173755e-09
1.526019e-01 1.147174e-09
1.534134e-01 1.182280e-09
1.542292e-01 1.206216e-09
1.550494e-01 1.175699e-09
1.558739e-01 1.232620e-09
1.567028e-01 1.228700e-09
1.575361e-01 1.227587e-09
1.583738e-01 1.259745e-09
1.592160e-01 1.266525e-09
1.600626e-01 1.245661e-09
1.609138e-01 1.308799e-09
1.617695e-01 1.322956e-09
1.626298e-01 1.275556e-09
1.634946e-01 1.343301e-09
1.643640e-01 1.363801e-09
1.652380e-01 1.291662e-09
1.661167e-01 1.445380e-09
1.670001e-01 1.417924e-09
1.678881e-01 1.331161e-09
1.687809e-01 1.486262e-09
1.696784e-01 1.450700e-09
1.705807e-01 1.398767e-09
1.714878e-01 1.497569e-09
1.723998e-01 1.431676e-09
1.733165e-01 1.509404e-09
1.742382e-01 1.551585e-09
1.751647e-01 1.456416e-09
1.760962e-01 1.624467e-09
1.770326e-01 1.594979e-09
1.779740e-01 1.490729e-09
1.789205e-01 1.667324e-09
1.798719e-01 1.597472e-09
1.808284e-01 1.653179e-09
1.817900e-01 1.683067e-09
1.827567e-01 1.569872e-09
1.837286e-01 1.729419e-09
1.847056e-01 1.687728e-09
1.856878e-01 1.686230e-09
1.866752e-01 1.776972e-09
1.876679e-01 1.664587e-09
1.886659e-01 1.923502e-09
1.896691e-01 1.799891e-09
1.906777e-01 1.796641e-09
1.916917e-01 1.884046e-09
1.927111e-01 1.699803e-09
1.937359e-01 1.969213e-09
1.947661e-01 1.852937e-09
1.958018e-01 1.941413e-09
1.968430e-01 1.976827e-09
1.978898e-01 1.821165e-09
1.989421e-01 2.041756e-09
2.000000e-01 1.888841e-09
